c generated using generator by M.Motoki 
c solution added by T.Susanka 
s 560 101101111110100
p cnf 15 50
w 48 45 43 55 71 66 12 45 89 85 22 20 95 6 5
14 10 6 0
14 -12 13 0
-6 -4 3 0
14 -10 -5 0
13 5 -15 0
8 -11 12 0
-1 2 13 0
11 -10 4 0
13 4 2 0
-14 13 -8 0
-2 1 3 0
9 6 -1 0
-2 -11 -8 0
12 -5 -1 0
-15 9 6 0
13 -7 -2 0
2 -5 14 0
5 -15 -10 0
-14 -10 2 0
8 -15 1 0
-2 3 7 0
10 -9 -4 0
-15 -6 -2 0
2 6 11 0
-6 5 4 0
-9 7 -13 0
13 6 15 0
-7 1 6 0
2 9 -11 0
-10 7 -3 0
-1 11 -12 0
-8 11 -10 0
12 -15 -14 0
6 -2 7 0
-15 6 14 0
9 12 6 0
1 -8 9 0
8 -14 -6 0
8 -9 11 0
-3 -9 -5 0
-14 11 2 0
-5 12 10 0
-7 6 13 0
-6 -14 -13 0
7 -15 6 0
-6 -2 -9 0
-12 14 -6 0
-14 15 -3 0
-4 -1 -14 0
7 -15 -8 0
