c generated using generator by M.Motoki 
c solution added by T.Susanka 
s 451 011101111101111
p cnf 15 50
w 16 37 16 31 99 25 21 61 43 58 83 52 79 1 27
-11 14 9 0
2 -4 15 0
-1 -9 -2 0
4 1 5 0
10 6 -13 0
-14 9 7 0
-15 -6 12 0
-12 4 2 0
12 9 10 0
12 2 -13 0
6 7 -1 0
-10 12 -13 0
-13 8 -9 0
2 10 -6 0
1 7 -13 0
-2 13 -5 0
-2 10 4 0
-14 10 13 0
-1 15 10 0
14 11 9 0
3 -2 -4 0
-13 14 7 0
-8 -14 13 0
2 -6 -1 0
6 -4 3 0
-11 8 6 0
-2 13 8 0
-13 -12 10 0
15 6 -14 0
11 12 13 0
1 5 14 0
-1 -15 -5 0
9 8 -5 0
-11 -8 -4 0
-6 -10 -5 0
-2 -15 -11 0
-7 3 -6 0
2 -11 8 0
-13 -5 6 0
4 -9 -10 0
-3 1 13 0
6 -14 5 0
12 -13 4 0
8 -14 -1 0
8 -11 -1 0
-13 9 -12 0
8 -9 2 0
-5 4 11 0
14 -8 3 0
-8 11 14 0
