c generated using generator by M.Motoki 
c solution added by T.Susanka 
s 399 011011110010110
p cnf 15 50
w 1 73 44 16 75 18 0 86 72 66 25 2 33 45 67
7 -2 -8 0
-10 2 11 0
-14 -8 2 0
3 -1 11 0
-13 -4 1 0
3 -14 -4 0
-2 7 -11 0
-4 -13 10 0
8 11 13 0
-1 5 -8 0
10 -2 -9 0
-10 3 4 0
13 -8 12 0
3 -2 13 0
-15 14 3 0
11 10 -13 0
-6 10 8 0
-7 -5 -10 0
-10 -8 7 0
-9 14 -13 0
4 -13 5 0
13 12 10 0
11 12 -2 0
-1 12 15 0
-10 -4 2 0
-6 -5 14 0
-10 -6 15 0
12 -4 14 0
5 6 3 0
-15 14 12 0
11 -5 -2 0
-14 6 9 0
-12 -10 -8 0
8 2 7 0
-2 -15 -7 0
6 10 -11 0
15 4 -12 0
-6 14 -15 0
4 -1 2 0
1 7 -13 0
-15 -3 -2 0
-14 -12 11 0
11 4 14 0
-1 13 -7 0
13 14 -12 0
-5 -3 -4 0
-13 3 -1 0
-15 4 -5 0
3 8 6 0
3 -7 8 0
