c generated using generator by M.Motoki 
c solution added by T.Susanka 
s 342 001110000101101
p cnf 15 50
w 21 36 47 69 9 63 28 68 24 55 13 32 65 91 65
-8 -11 4 0
-5 -3 -9 0
-11 13 6 0
2 3 9 0
-13 -2 11 0
-8 11 -12 0
-1 2 -7 0
-10 -9 -6 0
10 2 -3 0
-11 -8 -9 0
-6 -13 8 0
7 -11 15 0
-5 -14 -4 0
-8 3 -13 0
-2 -6 11 0
6 5 -15 0
-14 -5 -1 0
10 -8 -4 0
-13 5 12 0
4 9 2 0
-2 -11 -10 0
13 1 -5 0
-10 -2 -13 0
-6 -5 8 0
8 -11 -12 0
-13 -7 -10 0
-8 -10 1 0
-12 -8 3 0
14 7 -1 0
-12 -2 -4 0
-6 -10 -3 0
2 -1 9 0
6 -9 -4 0
4 -13 -11 0
-6 -3 -14 0
-1 9 6 0
11 -14 15 0
-13 10 1 0
6 13 -2 0
15 11 -5 0
8 -2 -4 0
-10 -9 1 0
14 -6 9 0
12 1 -10 0
8 2 -9 0
-6 3 -1 0
-8 2 9 0
-6 8 7 0
10 14 3 0
3 -5 -6 0
