c generated using generator by M.Motoki 
c solution added by T.Susanka 
s 446 000110111101001
p cnf 15 50
w 64 65 17 98 61 26 84 44 57 37 52 7 21 79 58
2 -9 -6 0
13 -14 12 0
-2 5 4 0
2 -3 -11 0
15 -14 13 0
8 -9 10 0
-10 14 5 0
-5 -13 -1 0
-4 12 -11 0
10 4 -12 0
13 6 4 0
-2 -11 8 0
-6 13 12 0
-6 15 3 0
-14 -9 13 0
-7 4 3 0
11 -14 2 0
4 -2 -10 0
5 -6 -15 0
15 11 4 0
-14 -4 -15 0
-13 -11 15 0
-3 -5 2 0
11 14 9 0
9 -7 -1 0
1 -3 -5 0
-1 2 6 0
-5 -2 -8 0
6 3 15 0
-15 -11 12 0
14 -7 -2 0
-2 5 -9 0
-12 4 10 0
12 5 -7 0
-6 7 8 0
-4 -10 9 0
-11 -13 -10 0
-6 -3 15 0
8 11 13 0
9 -5 -13 0
-4 -14 -6 0
15 1 11 0
-12 -11 14 0
2 13 10 0
-5 -2 -15 0
10 -12 3 0
-9 4 8 0
4 -5 1 0
11 -7 -14 0
2 6 -13 0
