c generated using generator by M.Motoki 
c solution added by T.Susanka 
s 673 101011101111011
p cnf 15 50
w 57 56 73 96 47 46 92 23 67 10 59 50 40 77 95
-3 15 -7 0
6 -9 -12 0
-8 2 5 0
6 -12 -5 0
1 6 -4 0
5 4 -2 0
-12 -13 -10 0
11 -6 -2 0
10 -14 -6 0
11 10 14 0
-4 8 -11 0
-7 -2 3 0
-7 1 -2 0
3 13 4 0
11 -9 -7 0
-13 4 -10 0
9 3 5 0
-3 -4 14 0
-9 -2 -4 0
10 -14 12 0
1 9 10 0
-6 2 9 0
13 14 3 0
9 -4 15 0
9 7 -3 0
-3 -1 14 0
15 -3 -7 0
-3 6 -2 0
-1 13 3 0
-2 11 -10 0
-4 12 -7 0
13 -10 -2 0
5 -1 8 0
6 -5 -13 0
-7 -3 -13 0
-14 7 -5 0
1 2 -11 0
-1 15 14 0
9 -6 -4 0
-3 -8 -9 0
6 -9 12 0
7 -15 -4 0
-4 1 8 0
7 8 12 0
6 12 -10 0
-11 7 10 0
-11 15 -10 0
11 10 4 0
-3 9 12 0
-2 -8 4 0
