c generated using generator by M.Motoki 
c solution added by T.Susanka 
s 568 111101011101111
p cnf 15 50
w 11 10 77 13 39 81 81 83 45 53 31 17 63 48 67
-14 -3 15 0
-8 1 -13 0
10 8 1 0
5 -9 12 0
7 1 -12 0
14 -15 -10 0
6 1 -10 0
-13 6 7 0
-2 15 -3 0
10 -6 8 0
9 -15 10 0
-8 -13 3 0
2 8 10 0
-1 -7 12 0
4 -15 -10 0
-14 15 -5 0
6 11 9 0
13 -14 1 0
13 -2 -12 0
1 -6 -15 0
-11 -9 -5 0
14 -2 15 0
-13 -5 -1 0
4 8 -1 0
-4 2 10 0
4 11 -15 0
13 12 -5 0
5 -7 13 0
-10 15 -2 0
7 14 6 0
-2 -14 4 0
6 1 8 0
-6 -11 8 0
4 12 5 0
-8 15 -1 0
-13 -11 5 0
9 -14 3 0
10 -1 -12 0
-7 -4 -8 0
2 13 4 0
-3 13 2 0
-11 10 -2 0
-5 -3 -7 0
2 -12 -15 0
-6 -1 10 0
5 -12 14 0
15 3 -14 0
-1 2 11 0
-5 9 12 0
4 6 5 0
