c generated using generator by M.Motoki 
c solution added by T.Susanka 
s 366 011011111100111
p cnf 15 50
w 17 32 30 71 76 6 10 13 54 66 22 42 21 47 11
-13 3 -6 0
12 6 4 0
2 -7 1 0
-11 8 4 0
13 -15 -12 0
7 -1 -8 0
8 -5 -6 0
7 3 -13 0
11 -12 7 0
13 -10 5 0
-4 6 15 0
-11 -13 -4 0
4 3 12 0
14 -5 2 0
-12 9 -4 0
14 -3 9 0
-2 15 4 0
-14 5 -9 0
-5 -8 14 0
15 -2 14 0
-5 -12 14 0
-6 11 -4 0
-3 -1 6 0
-12 -3 -7 0
3 12 11 0
7 -8 9 0
-5 -3 -11 0
1 9 3 0
-13 -10 6 0
-2 -13 5 0
7 15 12 0
-6 -11 -9 0
8 -3 -13 0
7 -15 -9 0
13 -2 6 0
6 8 -14 0
-14 1 10 0
6 -12 13 0
-2 5 -7 0
-4 10 -15 0
-5 -3 -12 0
-14 -12 6 0
6 15 8 0
-13 8 1 0
-10 -14 8 0
-11 9 -5 0
-1 -6 -9 0
9 13 15 0
6 -4 -8 0
-13 1 9 0
