c generated using generator by M.Motoki 
c solution added by T.Susanka 
s 445 111011011011110
p cnf 15 50
w 98 11 36 0 14 0 63 81 30 28 39 24 32 80 17
4 10 13 0
-14 11 13 0
5 -12 7 0
-6 -11 12 0
-2 -5 -10 0
11 8 10 0
15 -3 1 0
1 7 9 0
-4 2 3 0
15 12 13 0
5 -11 -8 0
-14 -8 1 0
-15 -6 14 0
6 -3 -8 0
8 4 -13 0
7 14 8 0
-7 11 6 0
-11 5 -3 0
-15 12 -4 0
7 -1 -10 0
-14 10 1 0
-15 -14 -7 0
-13 3 -14 0
2 11 -13 0
14 -13 -3 0
9 -15 -2 0
-4 -2 15 0
-7 -2 -13 0
5 -3 9 0
5 -7 3 0
9 -7 1 0
11 13 3 0
6 -7 -4 0
-14 4 -15 0
-1 11 -13 0
14 3 1 0
-3 -6 -4 0
-2 8 13 0
1 2 -3 0
9 -11 -5 0
9 -13 4 0
2 -9 -14 0
-4 8 -15 0
-7 -2 -12 0
3 10 -1 0
4 -3 6 0
5 10 -14 0
-15 7 -8 0
14 15 -9 0
11 -7 13 0
