c generated using generator by M.Motoki 
c solution added by T.Susanka 
s 386 111010101010011
p cnf 15 50
w 25 78 36 12 10 3 61 36 47 9 54 4 38 42 33
-3 -15 11 0
13 -2 -10 0
3 12 -13 0
-2 -7 -12 0
-12 -14 -3 0
-2 13 7 0
-14 1 9 0
1 -4 -11 0
-6 -4 7 0
7 8 -9 0
8 -4 14 0
-12 8 -14 0
6 1 9 0
-14 3 -11 0
14 -2 12 0
9 -5 -4 0
11 -1 -6 0
-7 -13 -5 0
5 6 -1 0
2 -11 12 0
-9 -13 3 0
9 -8 3 0
11 -9 2 0
3 15 2 0
11 -3 -10 0
8 9 -15 0
5 13 -9 0
-8 7 12 0
-7 -9 15 0
4 11 -10 0
-11 3 -15 0
5 -1 -7 0
-10 11 7 0
-6 -3 9 0
5 15 -13 0
-10 -9 -2 0
5 11 -3 0
4 14 -7 0
-1 10 -13 0
10 -8 13 0
-5 9 -13 0
15 13 6 0
7 3 9 0
8 3 -4 0
-13 -11 5 0
14 5 -12 0
1 3 -5 0
8 4 -6 0
-4 -9 -1 0
7 -15 5 0
