c generated using generator by M.Motoki 
c solution added by T.Susanka 
s 625 111011110101110
p cnf 15 50
w 70 20 18 91 78 46 80 68 35 89 61 28 32 96 48
-13 10 -2 0
12 -14 -7 0
13 -12 -8 0
8 4 3 0
7 9 1 0
9 6 15 0
-1 10 -4 0
-15 -1 3 0
14 15 1 0
-2 -15 -11 0
15 -13 -9 0
-11 -7 3 0
-2 -14 7 0
13 11 14 0
3 10 -15 0
1 -10 -7 0
13 -4 12 0
3 -6 9 0
1 -10 13 0
2 -10 7 0
12 -2 8 0
10 -11 -15 0
12 -11 5 0
2 10 -7 0
-8 -11 -10 0
2 -1 -5 0
11 -15 8 0
-14 -4 -3 0
-15 -1 6 0
-6 5 12 0
-2 6 1 0
-2 8 3 0
6 10 12 0
-15 12 -10 0
-6 3 5 0
-13 -7 1 0
4 -7 -9 0
-5 -15 -7 0
8 -14 13 0
4 10 -3 0
15 -4 -2 0
-4 3 -11 0
11 2 -15 0
1 -8 -11 0
13 -9 -14 0
8 12 -11 0
12 3 -14 0
1 -4 10 0
10 -5 2 0
9 -1 7 0
