c generated using generator by M.Motoki 
c solution added by T.Susanka 
s 705 011111011111101
p cnf 15 50
w 30 82 65 16 73 56 60 37 11 82 75 59 91 40 58
10 7 14 0
2 12 -13 0
-3 15 9 0
-15 12 -5 0
5 -12 11 0
4 13 7 0
-9 13 -3 0
-12 -5 6 0
5 11 -9 0
-10 3 1 0
-1 -11 -12 0
11 2 -12 0
-15 -13 -7 0
15 -5 6 0
15 4 -2 0
-6 -7 3 0
12 -7 2 0
11 8 12 0
5 -10 11 0
15 -3 8 0
-7 -2 -6 0
-6 12 13 0
4 -3 -14 0
-9 -14 -10 0
-12 6 -14 0
8 -7 3 0
-13 -5 8 0
4 -3 -13 0
13 12 -4 0
-12 -8 10 0
-15 3 1 0
1 3 -9 0
-4 15 6 0
13 2 12 0
-11 -1 8 0
-13 5 -4 0
-8 -12 5 0
-8 -11 -14 0
-7 -4 -9 0
15 12 -8 0
8 -14 -2 0
-11 -5 -14 0
-2 -3 13 0
-5 9 13 0
13 2 4 0
12 -2 15 0
-14 -13 -8 0
7 -9 6 0
-1 -7 -8 0
-3 4 15 0
