c generated using generator by M.Motoki 
c solution added by T.Susanka 
s 342 001001101001111
p cnf 15 50
w 44 55 80 89 21 45 27 9 47 41 99 14 15 80 34
2 13 15 0
-7 -8 -11 0
-3 -8 -13 0
-7 6 -8 0
-2 7 15 0
-14 -10 -12 0
-14 -8 11 0
9 -15 -8 0
-11 -10 9 0
-3 -1 -10 0
12 -15 -3 0
-13 -14 -5 0
-6 13 -2 0
2 5 6 0
7 -5 14 0
8 5 3 0
5 -11 -13 0
2 -13 12 0
11 -15 7 0
-14 10 9 0
11 6 -10 0
4 8 -11 0
-9 -2 -13 0
-2 -15 -13 0
14 5 -3 0
13 -6 7 0
15 13 12 0
10 -1 4 0
8 -6 -4 0
6 -14 2 0
11 4 -5 0
12 -1 15 0
-3 15 5 0
15 2 3 0
6 -8 1 0
-13 7 -15 0
11 -15 14 0
-6 -7 -4 0
3 12 -4 0
-2 5 10 0
-2 -11 -8 0
-6 -2 -14 0
6 -13 4 0
-3 -4 -12 0
4 5 12 0
-6 13 10 0
-13 14 -7 0
-7 6 -4 0
3 13 7 0
6 -7 10 0
