c generated using generator by M.Motoki 
c solution added by T.Susanka 
s 603 011110111110101
p cnf 15 50
w 31 85 83 55 99 29 91 60 28 40 27 12 20 65 15
1 -8 15 0
-4 11 -14 0
6 12 15 0
13 -15 11 0
-14 -2 -12 0
5 8 3 0
1 -12 11 0
-14 -15 -13 0
9 -6 14 0
-1 -13 -4 0
-13 4 -15 0
12 -1 -6 0
-1 9 2 0
-1 -15 -3 0
7 -1 -6 0
7 10 -14 0
-7 -15 3 0
12 -14 4 0
-1 11 -9 0
-3 -10 9 0
7 15 6 0
5 -10 -9 0
8 -15 -14 0
15 -2 -9 0
-4 -15 3 0
-15 -10 -1 0
15 2 -1 0
3 -1 -13 0
12 6 -1 0
-14 11 7 0
-6 13 12 0
-5 -14 10 0
6 7 -12 0
11 9 4 0
-6 -3 -9 0
6 -12 9 0
14 -12 6 0
8 -7 -1 0
11 8 12 0
12 9 6 0
-1 -5 6 0
-7 2 -10 0
14 -8 7 0
-8 -4 -14 0
9 -12 3 0
15 -6 3 0
15 4 5 0
8 -6 -3 0
13 6 10 0
-6 8 3 0
