c generated using generator by M.Motoki 
c solution added by T.Susanka 
s 631 011110001110111
p cnf 15 50
w 14 43 60 64 80 40 75 33 13 81 56 7 50 86 98
10 -12 7 0
-12 -15 -5 0
4 -3 -14 0
-1 8 -6 0
15 -4 -5 0
-7 -2 -11 0
-5 9 4 0
-6 8 1 0
-4 -7 6 0
-6 -2 -4 0
1 -11 -8 0
-3 -14 4 0
-5 -6 3 0
-13 9 11 0
13 -12 14 0
-14 10 13 0
4 -10 14 0
-13 10 -2 0
11 15 -9 0
8 11 -12 0
-10 -4 -8 0
-7 -3 11 0
-11 9 10 0
-1 13 -3 0
-11 -12 -1 0
-1 -9 -2 0
-5 3 -13 0
15 -2 -9 0
14 -4 -15 0
-12 2 7 0
-13 3 10 0
-6 -12 -10 0
4 6 15 0
-10 2 5 0
-5 12 4 0
-1 6 15 0
-14 -8 3 0
7 11 -2 0
10 2 -5 0
-8 -2 15 0
15 10 -4 0
2 4 -1 0
5 -15 4 0
-12 10 -4 0
7 3 1 0
-15 11 7 0
-13 -11 -1 0
-15 3 -1 0
-11 3 2 0
12 14 -15 0
