c generated using generator by M.Motoki 
c solution added by T.Susanka 
s 522 110101111110010
p cnf 15 50
w 78 26 2 56 66 29 8 36 84 78 78 20 56 49 45
-10 -7 1 0
6 -9 -5 0
12 -11 1 0
-5 15 -4 0
10 -14 -5 0
-1 13 7 0
1 4 -10 0
12 -13 11 0
10 -9 -15 0
-8 15 -5 0
7 -8 -9 0
3 -4 -13 0
8 10 6 0
-15 7 10 0
-2 -7 14 0
12 -4 6 0
3 -2 14 0
-12 10 -3 0
-5 7 6 0
11 7 -3 0
-9 -3 -5 0
-4 -3 13 0
-5 13 14 0
12 4 8 0
-13 -14 8 0
2 8 -7 0
-15 -1 5 0
-12 -9 4 0
-13 2 -15 0
15 10 7 0
10 -9 7 0
8 -4 15 0
15 -7 -12 0
-1 -11 4 0
-15 -5 -11 0
-3 13 5 0
-5 -15 14 0
10 -9 -1 0
-15 10 -3 0
-12 -1 -4 0
-4 -12 -6 0
-9 -13 -10 0
8 -12 3 0
1 -9 4 0
-11 -6 -13 0
-8 -15 3 0
-12 14 -3 0
4 -14 2 0
6 -3 -11 0
-9 3 8 0
