c generated using generator by M.Motoki 
c solution added by T.Susanka 
s 583 110111111111101
p cnf 15 50
w 42 71 61 20 82 26 0 85 25 60 63 76 28 79 5
-5 -3 -8 0
11 -6 4 0
12 13 -14 0
14 12 4 0
-15 6 9 0
-12 10 -9 0
1 -8 -4 0
11 8 12 0
9 5 6 0
7 -6 -8 0
15 9 -12 0
-3 10 -1 0
6 -13 2 0
11 -1 9 0
3 -7 12 0
1 -9 10 0
6 3 -1 0
-15 3 2 0
2 10 -12 0
5 -8 3 0
-4 9 -10 0
-9 11 8 0
2 1 -4 0
-3 -6 1 0
-4 5 13 0
15 2 4 0
11 13 1 0
11 4 9 0
-9 2 -11 0
-6 -10 11 0
9 15 13 0
-12 -8 -14 0
-6 4 14 0
7 -11 4 0
1 -7 3 0
-10 7 -12 0
10 12 -13 0
-3 -7 14 0
-12 -6 4 0
5 -11 1 0
-15 13 6 0
7 1 15 0
-14 -2 -7 0
11 -14 8 0
7 -5 -12 0
-3 7 -9 0
-11 -3 -12 0
-13 -8 -14 0
-6 14 15 0
-6 4 10 0
