c generated using generator by M.Motoki 
c solution added by T.Susanka 
s 536 101011111000101
p cnf 15 50
w 77 75 28 57 53 84 66 94 29 31 27 46 36 45 69
-13 -6 -10 0
14 -1 9 0
-5 13 -14 0
-1 9 -13 0
-12 -2 -1 0
-8 -1 6 0
-15 9 -1 0
-10 13 -1 0
15 12 8 0
-4 -15 -11 0
15 4 -6 0
-11 -13 -5 0
-2 8 3 0
-1 -2 5 0
-13 -2 4 0
7 4 -11 0
-13 -15 5 0
11 -5 -2 0
6 -5 -3 0
13 3 14 0
-12 2 5 0
3 -7 4 0
-9 -3 1 0
-12 -3 -8 0
-14 15 -13 0
-14 4 11 0
-2 -3 -11 0
-7 13 -15 0
-12 -8 -9 0
9 -11 14 0
2 -5 8 0
-6 -15 -4 0
2 3 1 0
5 -9 -2 0
-4 -13 15 0
-9 1 10 0
-7 10 15 0
-6 -1 -4 0
-4 -14 -2 0
-3 6 -15 0
5 -9 12 0
15 -4 -1 0
14 10 9 0
-8 -14 -4 0
1 -9 -5 0
7 -9 -13 0
-11 9 -15 0
-2 -9 -14 0
-5 15 -9 0
6 11 14 0
