c generated using generator by M.Motoki 
c solution added by T.Susanka 
s 490 011111001101111
p cnf 15 50
w 27 92 29 58 24 66 18 8 59 17 65 76 56 2 11
9 -3 2 0
12 -6 -14 0
5 -4 9 0
-13 -9 5 0
14 -11 7 0
5 6 11 0
-5 -15 14 0
-5 2 -10 0
5 -8 -15 0
-10 -4 -8 0
3 6 -4 0
11 -8 13 0
-2 14 12 0
6 -4 15 0
5 12 4 0
-10 4 -11 0
2 -9 -8 0
-5 12 -9 0
-3 11 15 0
-11 1 -3 0
-10 9 -12 0
12 -1 14 0
-8 -12 -13 0
11 -1 13 0
13 11 -12 0
-6 -13 15 0
12 -15 14 0
-5 1 9 0
-12 6 7 0
-1 -9 -6 0
-1 11 -7 0
4 -14 -13 0
-15 13 -12 0
-7 -4 -13 0
-6 2 8 0
8 -2 -7 0
-4 -5 -1 0
-15 -6 5 0
-9 6 -12 0
3 13 5 0
14 -15 -12 0
-13 4 7 0
3 8 -10 0
10 -6 -3 0
3 -13 -9 0
-8 14 15 0
-14 10 -11 0
-14 12 -13 0
-5 -11 12 0
-12 8 2 0
