c generated using generator by M.Motoki 
c solution added by T.Susanka 
s 607 111111111101101
p cnf 15 50
w 59 39 82 89 41 32 31 82 33 26 60 58 25 74 10
-14 5 -2 0
4 -15 5 0
-9 -5 4 0
-8 -5 15 0
-4 7 -13 0
-14 -2 -15 0
-9 8 -15 0
13 -5 -10 0
-8 11 4 0
1 10 3 0
-8 -2 1 0
-11 12 14 0
1 8 -4 0
14 2 12 0
8 -10 -14 0
11 1 5 0
14 6 -11 0
-10 13 -8 0
4 -7 -8 0
13 -14 -11 0
-7 -1 -11 0
5 -8 13 0
13 -1 -5 0
2 -5 6 0
-3 11 1 0
-12 13 -8 0
10 -11 -14 0
-8 -14 9 0
-3 10 9 0
6 -5 -2 0
-5 -6 12 0
12 5 2 0
10 2 -8 0
5 -14 -4 0
12 -11 10 0
-13 -6 -11 0
2 12 15 0
-12 -7 13 0
9 13 15 0
4 -3 10 0
2 -5 -7 0
5 -11 -3 0
1 -15 -4 0
-15 -5 8 0
-12 -7 -11 0
9 -11 6 0
12 -5 -3 0
-3 -1 10 0
-14 -1 -9 0
-1 2 -11 0
