c generated using generator by M.Motoki 
c solution added by T.Susanka 
s 363 100101110100011
p cnf 15 50
w 80 51 63 68 77 10 30 57 70 49 59 73 0 2 67
-10 -11 13 0
13 12 14 0
1 -4 -7 0
-2 5 10 0
2 11 -5 0
-2 -1 13 0
-15 -3 4 0
-3 -15 2 0
-6 -11 13 0
-10 13 -9 0
-1 -14 -9 0
-3 -2 9 0
7 8 -10 0
-9 11 14 0
-15 8 14 0
4 15 12 0
-8 1 -4 0
-7 -13 6 0
7 4 10 0
-4 14 -5 0
15 3 -12 0
-14 -3 -6 0
10 11 1 0
-8 11 14 0
-13 1 -9 0
-8 7 -14 0
-12 -13 15 0
14 -6 9 0
3 -7 -13 0
-14 -8 -11 0
-15 4 13 0
-8 -10 7 0
-3 -11 14 0
10 -11 5 0
9 -12 -4 0
-10 -12 -7 0
5 -11 8 0
10 -6 -2 0
-9 -5 -13 0
4 -12 11 0
15 -14 7 0
-5 13 -4 0
-2 8 5 0
7 10 -12 0
-5 -1 -4 0
2 -3 -11 0
6 -3 -11 0
12 -15 -9 0
-3 -14 2 0
6 12 2 0
