c generated using generator by M.Motoki 
c solution added by T.Susanka 
s 307 111000111001110
p cnf 15 50
w 29 79 20 51 35 16 11 71 14 43 38 66 7 10 43
-13 -14 -10 0
9 -4 -14 0
-3 14 15 0
14 -13 15 0
-15 -1 5 0
13 3 -10 0
-1 -5 -9 0
-4 13 -15 0
4 -11 -12 0
11 -12 -10 0
-10 12 -11 0
-10 -8 -2 0
3 -8 7 0
2 4 13 0
10 -8 -6 0
13 -9 -15 0
-14 11 3 0
1 10 -8 0
-1 -5 -15 0
8 -7 2 0
-7 6 8 0
-6 9 4 0
5 11 -4 0
-10 -8 -3 0
-1 -5 4 0
14 -7 12 0
-1 -12 -11 0
14 -15 -7 0
11 -4 10 0
13 5 -6 0
8 6 11 0
14 -4 -9 0
3 -10 -12 0
-3 12 -15 0
2 -12 15 0
1 -9 -11 0
8 13 -11 0
-5 8 -9 0
7 12 10 0
-6 2 5 0
-6 13 11 0
-8 1 -13 0
8 -7 -6 0
4 -3 -15 0
10 -2 -11 0
3 11 -12 0
14 8 2 0
12 -8 1 0
-10 -15 -11 0
-3 5 7 0
