c generated using generator by M.Motoki 
c solution added by T.Susanka 
s 498 111101101100110
p cnf 15 50
w 39 13 75 78 9 63 24 62 75 42 71 99 45 44 43
1 -6 11 0
1 8 -12 0
2 -4 -5 0
-14 -6 -11 0
-9 1 -13 0
15 2 -4 0
-1 -15 -2 0
5 -2 -11 0
-1 -15 -9 0
-13 6 4 0
3 -8 -7 0
1 -9 2 0
-12 1 10 0
-9 8 -5 0
10 8 5 0
-3 13 -12 0
-9 -5 14 0
13 3 14 0
2 15 11 0
4 -3 -2 0
1 -11 14 0
-7 -15 9 0
-10 7 6 0
-2 11 13 0
-3 -11 13 0
-11 -3 15 0
7 5 14 0
7 3 -12 0
-8 -4 -10 0
14 -10 -7 0
11 4 -7 0
-4 -5 15 0
12 13 -3 0
-1 9 8 0
-6 12 9 0
1 2 10 0
4 5 -2 0
-12 8 11 0
2 4 -3 0
14 -2 -8 0
9 1 10 0
13 9 5 0
13 -3 -11 0
10 -4 -14 0
-13 -10 -11 0
-10 14 9 0
12 13 2 0
6 -7 -15 0
-10 -2 1 0
4 -15 5 0
