c generated using generator by M.Motoki 
c solution added by T.Susanka 
s 419 100101111011011
p cnf 15 50
w 62 78 27 41 78 39 63 79 90 23 18 0 1 13 14
5 -12 15 0
-6 -2 -14 0
-11 15 3 0
-5 1 -4 0
9 12 -5 0
-3 4 -1 0
-4 14 -12 0
-10 -3 -8 0
-7 8 -13 0
9 5 -4 0
3 -10 -9 0
14 -15 -6 0
15 -10 -3 0
-9 -14 -10 0
-2 -14 8 0
-8 12 2 0
-3 -13 -6 0
4 14 6 0
-7 8 -9 0
-9 10 11 0
4 -6 -5 0
-14 3 12 0
13 10 -5 0
5 -2 -7 0
-9 -3 -4 0
13 12 -11 0
-13 -4 -12 0
12 -1 -14 0
-14 6 -15 0
12 -14 -8 0
-10 15 -4 0
8 -7 14 0
-5 2 3 0
9 -4 8 0
15 7 3 0
-13 -5 -12 0
-5 -6 -9 0
1 -11 -4 0
12 8 13 0
-9 1 11 0
11 13 -15 0
-2 8 1 0
-2 -6 -12 0
-10 -1 -14 0
5 1 8 0
-1 11 -6 0
7 -9 -10 0
2 9 1 0
-2 -9 -4 0
11 5 6 0
