c generated using generator by M.Motoki 
c solution added by T.Susanka 
s 528 110101110101111
p cnf 15 50
w 1 51 2 24 21 90 17 32 55 81 78 32 32 89 79
8 -4 -1 0
1 7 12 0
12 4 15 0
-5 6 10 0
12 -1 13 0
5 -11 -15 0
-5 -11 7 0
1 -8 14 0
-2 7 1 0
-3 -14 -5 0
-1 -5 3 0
-13 -5 -7 0
-4 11 -9 0
-14 -6 7 0
9 12 1 0
1 -15 11 0
-13 -3 -2 0
14 -15 -11 0
-1 -9 15 0
-3 2 -6 0
-1 13 10 0
2 -9 -8 0
-8 6 -10 0
7 5 -6 0
-10 -11 -9 0
6 8 -10 0
3 1 -11 0
14 2 -11 0
-10 -13 12 0
13 5 11 0
-9 10 -6 0
-7 2 -11 0
-8 15 -10 0
5 9 -11 0
-11 7 -15 0
-9 10 -5 0
8 -15 -6 0
-6 -2 -11 0
4 9 -12 0
-13 -10 6 0
-1 -9 -4 0
7 5 2 0
3 12 15 0
10 -3 -9 0
-11 1 -3 0
12 11 -15 0
-2 -4 -3 0
-7 -12 -9 0
-9 2 -3 0
2 -5 -13 0
