c generated using generator by M.Motoki 
c solution added by T.Susanka 
s 447 000110111111011
p cnf 15 50
w 28 71 16 55 67 67 35 71 7 67 5 47 24 1 92
-11 7 -4 0
-12 11 -4 0
-9 -3 -15 0
7 2 -4 0
-6 7 8 0
15 -5 -13 0
9 15 3 0
13 8 4 0
7 13 11 0
-2 4 15 0
-5 -11 14 0
8 -15 -10 0
15 -4 5 0
8 6 3 0
-11 -13 6 0
9 -10 1 0
8 -2 1 0
-5 -14 9 0
4 7 -13 0
-10 -2 14 0
-1 -7 11 0
8 -11 -15 0
-5 13 11 0
7 5 3 0
13 2 14 0
-3 -11 10 0
-7 -14 -2 0
9 -4 13 0
10 3 1 0
-13 8 -5 0
-4 -1 -10 0
-4 3 -2 0
4 -9 2 0
8 3 -4 0
-15 -9 7 0
12 -1 -3 0
2 5 -7 0
-6 2 -9 0
15 -3 5 0
15 14 13 0
6 9 12 0
-13 1 -8 0
12 -15 -11 0
-9 2 7 0
-6 15 10 0
8 6 -4 0
-8 -13 -15 0
-2 15 -14 0
-11 15 -1 0
-6 -15 -10 0
