c generated using generator by M.Motoki 
c solution added by T.Susanka 
s 440 001001111011011
p cnf 15 50
w 30 5 57 82 77 26 38 71 87 70 64 41 24 3 53
-5 7 -13 0
-11 5 -10 0
-9 -13 7 0
-3 7 -14 0
-4 -9 -12 0
2 -10 -4 0
-9 -1 -14 0
8 -7 -13 0
15 14 7 0
14 11 5 0
-9 11 2 0
12 2 8 0
-3 2 -1 0
13 -2 -10 0
3 -13 -7 0
2 -4 -12 0
-11 4 -2 0
10 -9 -1 0
13 -2 8 0
-4 -11 -12 0
14 -10 -3 0
-3 2 6 0
-8 -11 12 0
-15 -1 -13 0
7 5 -4 0
-5 -12 -7 0
12 -7 -5 0
2 6 -1 0
5 8 12 0
-13 -8 5 0
14 -7 -15 0
3 -4 -6 0
15 -7 -5 0
-4 -12 13 0
-1 -7 6 0
-14 15 -6 0
-7 13 -10 0
3 7 12 0
-14 12 6 0
-14 11 -3 0
-10 13 3 0
11 -10 2 0
6 1 9 0
-10 -7 12 0
13 15 6 0
2 -7 -5 0
-3 -8 7 0
14 -6 9 0
10 -15 8 0
10 -12 7 0
