0 4 45 19 60 11 9 20 74 25 134
1 4 28 1 69 11 166 19 202 17 144
2 4 40 23 200 21 220 6 40 17 235
3 4 24 13 27 9 200 1 112 18 135
4 4 28 23 203 22 69 1 199 2 28
5 4 29 19 62 13 116 12 58 5 7
6 4 16 18 120 3 7 1 136 6 27
7 4 26 13 149 2 237 17 230 12 168
8 4 27 7 155 6 200 19 48 13 126
9 4 34 10 176 6 194 20 75 22 183
10 4 36 23 35 14 151 11 140 13 134
11 4 22 19 1 2 73 12 221 4 192
12 4 29 1 131 10 99 18 238 20 193
13 4 36 5 40 19 152 13 51 24 74
14 4 36 14 74 9 181 13 44 24 191
15 4 24 20 96 2 215 1 20 18 156
16 4 12 5 68 1 17 4 72 11 136
17 4 30 11 179 12 49 6 62 22 122
18 4 17 10 33 2 74 3 75 14 173
19 4 30 20 93 14 47 12 106 5 243
20 4 26 5 111 4 78 21 114 14 201
21 4 25 2 89 7 63 10 5 24 94
22 4 25 6 224 22 130 13 46 1 182
23 4 27 9 49 18 242 3 138 16 109
24 4 34 23 96 12 21 9 125 13 206
25 4 28 1 24 10 24 20 15 16 246
26 4 42 12 138 23 120 22 162 14 149
27 4 31 24 132 8 149 2 194 19 38
28 4 43 20 241 24 234 22 75 7 8
29 4 30 1 23 24 68 20 237 5 118
30 4 36 6 80 16 120 18 164 20 224
31 4 30 23 168 3 68 11 90 14 179
32 4 23 15 72 2 216 6 234 16 156
33 4 20 8 66 1 80 3 132 22 10
34 4 24 11 64 4 156 24 231 2 168
35 4 22 8 21 6 122 10 34 14 33
36 4 29 12 229 13 197 19 221 5 210
37 4 34 21 134 14 29 7 225 15 97
38 4 16 6 145 3 123 10 1 8 110
39 4 35 13 246 19 76 7 23 20 177
40 4 40 4 31 24 164 19 102 20 221
41 4 31 18 43 1 189 17 131 16 197
42 4 22 3 175 22 83 7 158 5 151
43 4 27 23 229 7 145 10 73 6 208
44 4 40 11 76 12 182 21 104 24 221
45 4 24 18 42 1 60 13 206 9 184
46 4 36 13 242 18 84 21 94 8 76
47 4 12 2 202 1 187 6 246 11 31
48 4 24 7 144 2 113 19 149 13 250
49 4 30 16 100 7 151 11 196 17 78
