c generated using generator by M.Motoki 
c solution added by T.Susanka 
s 635 110100110101001111
p cnf 18 50
w 30 10 0 14 57 90 85 12 30 86 49 37 3 46 98 91 83 89
-17 10 14 0
-13 1 -8 0
-18 -11 -7 0
-13 -1 -3 0
16 8 17 0
-14 17 8 0
18 15 -13 0
10 -15 -17 0
-6 14 -7 0
7 4 -17 0
14 -9 2 0
-9 -6 14 0
4 -2 7 0
-10 -17 -9 0
7 -11 -18 0
11 -16 7 0
-14 5 8 0
-3 6 10 0
16 5 -3 0
-17 -15 -6 0
17 -10 16 0
18 -8 -14 0
-2 -6 10 0
1 5 -17 0
-3 4 -15 0
-14 1 -17 0
4 6 2 0
2 -7 4 0
-16 -4 15 0
13 -9 -11 0
-18 -11 12 0
13 12 17 0
11 -8 17 0
-16 -5 -7 0
-5 -1 14 0
10 12 16 0
12 -7 10 0
-5 11 -2 0
-3 17 -11 0
4 -12 11 0
-1 4 12 0
12 -6 1 0
18 2 -4 0
13 -14 11 0
4 1 3 0
-12 2 -9 0
11 -14 1 0
17 -1 16 0
9 -13 -7 0
9 -8 16 0
