c generated using generator by M.Motoki 
c solution added by T.Susanka 
s 762 101011001111101101
p cnf 18 50
w 90 5 64 97 22 68 13 98 83 77 73 74 28 28 27 89 12 67
16 -7 -13 0
11 -14 10 0
-1 -13 18 0
3 -5 1 0
-5 11 14 0
13 12 -5 0
9 -15 4 0
-4 -3 -10 0
4 -2 -10 0
7 13 -1 0
2 15 -14 0
4 6 -18 0
2 5 -14 0
13 -5 -11 0
-16 -4 14 0
-5 11 -9 0
-12 -1 -2 0
15 1 11 0
-17 7 -16 0
-8 16 12 0
-8 14 -2 0
2 9 17 0
-13 8 15 0
-9 10 -11 0
-8 -14 7 0
3 4 -2 0
4 18 -12 0
-14 7 -1 0
-8 18 12 0
1 5 18 0
-7 18 -4 0
2 -6 13 0
-9 -17 -12 0
12 1 -15 0
-18 -13 -14 0
-2 -8 13 0
-18 14 -8 0
9 -17 -12 0
-17 5 -7 0
-11 10 -6 0
18 7 10 0
9 13 11 0
3 15 18 0
-2 16 -14 0
14 -11 10 0
2 18 -11 0
-9 -18 -7 0
17 3 -18 0
13 7 6 0
3 -4 11 0
