c generated using generator by M.Motoki 
c solution added by T.Susanka 
s 746 110011101111101111
p cnf 18 50
w 83 99 29 97 10 55 64 57 40 47 51 50 17 89 37 34 67 92
-7 -4 9 0
-10 4 16 0
9 -15 -8 0
11 14 16 0
-2 -8 -11 0
-16 8 -3 0
11 9 -17 0
-17 14 2 0
-12 -4 5 0
13 4 3 0
16 10 5 0
-11 18 5 0
16 18 6 0
6 -9 17 0
15 -1 -10 0
-18 5 -16 0
6 -15 -7 0
-11 10 4 0
-6 7 5 0
-16 -13 10 0
8 -1 9 0
-5 11 -14 0
15 1 11 0
-10 16 8 0
3 -5 17 0
17 -11 13 0
-8 9 -1 0
-1 6 -3 0
-12 10 3 0
-13 5 -1 0
-14 -12 4 0
-2 -17 13 0
16 -10 17 0
14 5 18 0
2 10 -13 0
-10 11 4 0
-4 -3 -14 0
-9 -4 -5 0
-8 13 15 0
-14 15 -7 0
-1 -5 -4 0
-7 -4 2 0
8 15 6 0
4 2 5 0
1 -18 5 0
4 -8 1 0
1 15 16 0
12 -11 -15 0
11 13 14 0
-10 -3 4 0
