c generated using generator by M.Motoki 
c solution added by T.Susanka 
s 864 111101111111111111
p cnf 18 50
w 20 42 31 75 50 45 31 30 58 43 11 70 91 94 76 92 33 22
-18 1 -6 0
12 11 1 0
-16 15 -3 0
4 18 14 0
13 -4 -12 0
10 -11 -14 0
1 -7 8 0
5 -10 17 0
4 -13 -16 0
7 17 -12 0
10 -12 17 0
6 4 -2 0
-16 17 8 0
-11 1 14 0
-6 1 -5 0
16 -11 13 0
-7 -11 2 0
-10 18 11 0
15 1 7 0
11 1 12 0
1 -17 13 0
3 -16 5 0
13 -14 6 0
2 -14 7 0
7 17 1 0
-11 13 8 0
6 7 -18 0
-14 2 -8 0
8 -1 -18 0
-18 3 -2 0
-1 18 12 0
-5 -16 15 0
7 -14 -18 0
11 -17 -7 0
3 6 -11 0
-18 16 -7 0
17 -18 -3 0
14 9 -8 0
5 6 8 0
15 -12 4 0
-5 -13 -8 0
-17 10 -2 0
15 2 4 0
17 -1 -16 0
-17 9 -2 0
-5 16 -8 0
3 -1 -12 0
-8 14 12 0
-16 5 2 0
8 -3 11 0
