c generated using generator by M.Motoki 
c solution added by T.Susanka 
s 663 110011010111110100
p cnf 18 50
w 4 73 55 49 96 33 78 76 6 44 81 63 49 48 66 96 14 51
-14 8 -16 0
-8 11 -15 0
-4 -10 -1 0
-17 8 4 0
7 18 16 0
18 6 -12 0
14 4 15 0
-17 11 -6 0
-6 -2 -4 0
-11 -18 16 0
-16 -15 -1 0
12 18 -1 0
14 -1 -17 0
1 6 13 0
-9 3 -7 0
-12 18 10 0
7 18 13 0
9 17 6 0
6 4 2 0
17 -6 -4 0
-16 -3 12 0
5 13 -10 0
-7 -14 5 0
2 5 -6 0
-3 10 17 0
-5 18 13 0
18 5 -11 0
10 -17 -9 0
-18 17 10 0
-18 -12 4 0
-9 -7 -3 0
-8 12 -5 0
-4 3 15 0
9 11 -12 0
4 17 -9 0
17 7 -3 0
1 -14 16 0
-2 -8 -17 0
18 14 -16 0
1 -11 -15 0
-11 -12 1 0
11 14 -1 0
17 -10 16 0
-10 11 7 0
18 -15 -3 0
4 1 -18 0
4 -5 -17 0
-9 -12 -13 0
-16 -7 9 0
-17 -1 -5 0
