c generated using generator by M.Motoki 
c solution added by T.Susanka 
s 886 110111111011110111
p cnf 18 50
w 96 19 12 58 77 82 52 36 28 40 90 81 30 40 88 61 49 87
-7 11 -10 0
-1 14 -10 0
12 -13 5 0
-12 4 -13 0
-5 -10 -6 0
2 15 12 0
-11 18 7 0
12 3 10 0
-17 -15 -12 0
-14 12 -17 0
7 -6 18 0
11 -3 -7 0
4 -11 -10 0
13 -6 10 0
-6 5 2 0
12 -16 14 0
-9 13 14 0
-3 4 -6 0
2 -17 12 0
-13 12 -18 0
-4 5 7 0
-7 17 3 0
12 -14 -7 0
-1 8 14 0
-3 4 6 0
-17 -15 -8 0
17 4 -7 0
3 -16 7 0
-6 13 -14 0
-4 13 -16 0
-6 -16 2 0
-14 13 7 0
-6 -15 -3 0
3 -15 5 0
18 -6 -12 0
-14 11 4 0
6 2 12 0
-1 -3 -4 0
8 -3 -13 0
-2 6 18 0
12 16 17 0
12 4 -5 0
10 -9 5 0
-9 -18 -15 0
-7 -5 8 0
-13 7 10 0
7 -14 -18 0
15 -11 9 0
-17 16 13 0
1 -8 17 0
