c generated using generator by M.Motoki 
c solution added by T.Susanka 
s 475 011111101100110111
p cnf 18 50
w 9 1 5 5 25 15 9 0 92 89 25 12 95 44 45 64 0 31
3 -14 16 0
10 -12 6 0
2 -5 13 0
18 8 -14 0
14 7 8 0
-13 -2 9 0
2 -8 -6 0
-12 14 8 0
-5 7 12 0
2 -11 14 0
17 -14 -4 0
2 16 1 0
8 7 14 0
-15 12 -4 0
4 -13 2 0
9 13 3 0
-9 -10 13 0
-5 16 -14 0
-13 6 9 0
6 1 -17 0
-16 -8 9 0
-1 -12 -8 0
4 -13 2 0
-1 -14 -15 0
5 -6 -7 0
3 2 5 0
-9 -1 5 0
-15 -3 -2 0
-9 14 3 0
8 13 7 0
-10 15 -1 0
14 15 -7 0
14 12 -2 0
-17 14 8 0
-9 16 13 0
-11 17 10 0
-17 10 -15 0
-8 5 -14 0
13 -11 6 0
4 12 -15 0
16 -12 7 0
-8 9 -1 0
7 11 -18 0
-1 3 9 0
-14 7 -16 0
-11 -13 -5 0
-14 15 4 0
17 -15 -12 0
-9 3 8 0
-14 -6 -12 0
