c generated using generator by M.Motoki 
c solution added by T.Susanka 
s 673 110101110101111110
p cnf 18 50
w 50 18 21 88 40 85 55 29 70 12 70 92 4 5 89 66 80 45
1 -7 5 0
-7 -11 13 0
-3 15 1 0
-1 12 -8 0
16 2 -3 0
10 13 17 0
12 13 8 0
-12 13 17 0
-5 -2 18 0
12 16 18 0
5 -13 8 0
10 14 -11 0
-5 -9 6 0
14 1 -18 0
15 -17 -6 0
-6 -18 -15 0
-10 12 9 0
-8 14 -2 0
5 9 4 0
8 7 12 0
1 15 3 0
-8 -6 15 0
-5 -17 1 0
-9 12 -10 0
-13 -7 6 0
-3 -16 -1 0
-10 17 3 0
-17 8 -1 0
17 -14 -6 0
-15 -11 1 0
1 5 -12 0
10 -2 15 0
-11 -13 -14 0
10 16 11 0
-16 3 2 0
13 -15 2 0
-16 17 -18 0
14 13 -4 0
3 -9 -16 0
9 -3 6 0
11 14 7 0
-1 16 -18 0
16 -9 8 0
-4 9 13 0
16 2 -13 0
-18 16 4 0
-11 -9 8 0
-3 -15 13 0
8 -17 -10 0
-14 16 5 0
