c generated using generator by M.Motoki 
c solution added by T.Susanka 
s 744 101101111011111111
p cnf 18 50
w 77 27 33 7 73 0 50 23 82 69 86 96 39 80 15 40 55 61
14 -11 -8 0
-9 -17 -2 0
1 -17 2 0
-3 -14 4 0
-15 -2 -17 0
-5 -1 2 0
5 6 -7 0
-12 7 -1 0
-2 -17 3 0
-5 -10 1 0
8 1 -13 0
6 11 -4 0
-6 10 12 0
2 1 14 0
11 7 -15 0
17 8 -9 0
-9 6 -1 0
16 14 -9 0
-18 16 7 0
-1 17 14 0
10 -7 16 0
-10 11 7 0
-1 -9 16 0
14 -7 -2 0
-10 -14 -6 0
3 -8 10 0
6 -13 -15 0
-1 13 -5 0
1 -8 -12 0
-2 1 9 0
-18 -12 15 0
13 7 -8 0
12 3 9 0
-5 -17 1 0
2 -18 13 0
10 7 -15 0
15 6 -10 0
7 -4 -9 0
-3 -13 12 0
18 -2 -7 0
13 -17 -12 0
-17 2 -10 0
-11 9 -5 0
-10 -16 -12 0
15 -16 17 0
-2 6 -10 0
-13 -8 -2 0
6 -14 15 0
-15 3 -8 0
6 -4 -13 0
