c generated using generator by M.Motoki 
c solution added by T.Susanka 
s 686 111101101111101110
p cnf 18 50
w 20 60 45 79 15 19 71 65 72 0 76 20 63 31 72 69 20 14
-3 6 -10 0
1 -9 -10 0
-16 7 -1 0
-14 -2 -16 0
6 8 7 0
10 -14 -12 0
15 13 2 0
-15 -18 -6 0
8 14 11 0
13 18 14 0
9 -18 5 0
11 -18 16 0
-3 -11 10 0
-6 -13 15 0
18 17 -6 0
-2 -8 -14 0
1 -18 -16 0
-15 9 18 0
2 9 6 0
-18 1 11 0
1 -11 -15 0
2 18 -3 0
1 9 5 0
7 -3 -5 0
9 4 16 0
-16 4 15 0
11 9 -12 0
12 -14 1 0
16 -11 1 0
-8 12 3 0
4 16 2 0
-4 -3 11 0
9 -17 -18 0
-14 8 -4 0
-5 -11 9 0
-14 -8 3 0
15 4 2 0
-8 -1 -4 0
-13 15 -2 0
-10 -11 15 0
-17 -5 -16 0
-4 9 5 0
4 3 12 0
-14 -12 -8 0
3 -15 -10 0
10 -3 -9 0
-15 5 2 0
8 13 3 0
-17 16 -5 0
9 13 12 0
