c generated using generator by M.Motoki 
c solution added by T.Susanka 
s 769 111101011111100011
p cnf 18 50
w 64 58 30 52 4 47 73 97 34 76 76 64 33 90 14 90 39 99
17 -13 16 0
-3 17 -18 0
-18 -8 -5 0
14 -9 3 0
5 4 -10 0
4 7 17 0
14 10 -11 0
-6 -5 -10 0
7 -15 -5 0
15 -4 -7 0
-10 14 11 0
-1 10 -12 0
-14 18 9 0
-14 -12 -1 0
4 15 8 0
11 6 -3 0
-18 -17 13 0
-4 -6 18 0
2 -13 5 0
1 -13 6 0
-3 -15 -16 0
7 6 3 0
-12 -14 17 0
-15 -12 -2 0
-16 -10 -11 0
-10 11 17 0
6 -17 -3 0
8 -16 -5 0
5 -3 -16 0
15 -10 17 0
7 13 10 0
9 -18 10 0
-18 -14 -10 0
10 -9 -6 0
-17 -14 -16 0
-14 10 8 0
18 3 2 0
-17 11 13 0
17 -15 -3 0
14 -12 3 0
-9 3 6 0
9 -11 15 0
4 11 -18 0
-18 10 -5 0
17 1 -5 0
-16 -2 -3 0
-16 7 -2 0
-17 -18 -7 0
9 17 -5 0
-5 3 -9 0
