c generated using generator by M.Motoki 
c solution added by T.Susanka 
s 687 110111111101001111
p cnf 18 50
w 60 21 21 93 89 22 4 38 93 2 64 49 83 44 99 74 27 16
-15 2 -11 0
-3 -5 14 0
-16 5 14 0
-5 -13 2 0
3 -13 10 0
-12 -3 -18 0
-10 11 -14 0
-2 17 6 0
-17 12 -6 0
-1 8 -16 0
8 -12 9 0
4 -7 2 0
-11 -12 1 0
18 -13 -17 0
8 15 12 0
4 17 1 0
12 10 -2 0
-11 3 13 0
12 -8 14 0
15 -4 -1 0
-9 -18 10 0
17 6 -3 0
4 -14 6 0
-15 -16 8 0
10 17 -16 0
-7 -14 5 0
9 -2 -3 0
16 -6 -13 0
10 15 3 0
13 -3 2 0
16 -3 9 0
-2 15 6 0
2 8 -14 0
13 -11 4 0
7 -17 11 0
-14 -7 -9 0
14 -12 -13 0
8 -6 4 0
14 17 -16 0
-11 -14 -2 0
18 -12 15 0
-5 -3 -11 0
10 14 -11 0
-17 -6 -13 0
17 -9 -10 0
-13 4 -7 0
15 2 11 0
-3 -14 -10 0
-11 -6 -2 0
-3 -7 13 0
