c generated using generator by M.Motoki 
c solution added by T.Susanka 
s 851 111110110111101111
p cnf 18 50
w 32 71 54 81 97 15 87 52 13 73 6 17 50 37 23 96 37 75
-14 5 -6 0
3 -13 4 0
18 -3 14 0
7 18 17 0
-2 -9 11 0
2 -8 -12 0
1 -13 -7 0
-10 -11 17 0
17 -14 -1 0
-13 11 -14 0
-8 18 11 0
9 -3 13 0
-15 10 6 0
-9 -16 -3 0
12 -5 -18 0
-4 13 8 0
13 -6 18 0
14 13 -16 0
-5 12 9 0
-10 -16 5 0
1 -15 -14 0
16 -3 -5 0
17 -8 3 0
-18 -13 11 0
2 10 -11 0
-3 -13 7 0
5 16 1 0
-16 2 -15 0
7 17 9 0
2 14 1 0
-1 7 -4 0
-5 8 14 0
16 -10 1 0
-18 -15 11 0
-17 1 5 0
-8 16 10 0
-9 -1 -15 0
-1 8 -12 0
1 -8 15 0
17 18 -11 0
17 -9 2 0
-14 -17 9 0
-16 -7 15 0
-8 -7 4 0
8 -6 2 0
-11 -8 4 0
-17 -6 -11 0
9 -11 5 0
10 15 -13 0
3 -12 7 0
