c generated using generator by M.Motoki 
c solution added by T.Susanka 
s 743 100111001111111110
p cnf 18 50
w 74 3 75 14 83 97 53 52 17 96 11 95 28 75 73 25 55 16
5 13 8 0
13 -15 -12 0
-9 2 6 0
10 -3 -9 0
13 14 -3 0
14 -11 -4 0
-11 -14 -18 0
-17 -4 1 0
14 1 -5 0
3 15 11 0
-15 -8 18 0
-3 -6 8 0
-9 16 -3 0
-7 -16 -4 0
-9 -14 11 0
-3 13 2 0
-14 4 16 0
14 15 -13 0
16 -7 9 0
-17 15 10 0
5 -11 2 0
11 5 -15 0
6 -3 -12 0
-7 -13 -18 0
13 18 4 0
-6 -2 8 0
-8 7 18 0
2 5 -10 0
-3 -5 -1 0
17 15 -7 0
-17 2 -7 0
-8 18 13 0
5 -16 8 0
-8 15 -11 0
-7 -3 12 0
-18 15 3 0
12 9 18 0
-10 3 -8 0
13 1 9 0
-9 3 -2 0
-17 16 -7 0
-15 9 7 0
-1 14 8 0
-5 7 -3 0
3 5 12 0
-12 13 15 0
-15 11 18 0
-14 4 1 0
17 11 -6 0
7 -11 9 0
