c generated using generator by M.Motoki 
c solution added by T.Susanka 
s 568 110111110101100110
p cnf 18 50
w 38 44 0 69 76 16 42 91 1 61 38 23 9 48 50 72 27 1
2 -17 7 0
-5 1 -14 0
10 6 -7 0
3 -18 4 0
10 -13 -8 0
8 17 -6 0
14 8 -3 0
10 -2 -7 0
9 -4 -3 0
14 12 11 0
16 -17 9 0
-3 1 -6 0
-15 -5 3 0
-3 -4 -9 0
-5 4 12 0
13 12 4 0
8 -16 -17 0
-12 -3 -8 0
12 5 -2 0
15 -18 6 0
9 -16 -15 0
15 17 5 0
-7 17 2 0
18 6 5 0
8 -18 14 0
-18 -17 -10 0
-16 -7 -18 0
-11 -8 18 0
-6 16 2 0
-18 -10 -6 0
-3 15 1 0
-2 3 -9 0
-13 -11 15 0
-2 12 -10 0
17 -7 -16 0
-17 -6 -14 0
-16 -13 6 0
9 -1 -11 0
-1 -11 -13 0
-1 8 -7 0
-14 -17 4 0
-9 -12 -11 0
11 -3 16 0
-7 -9 -8 0
-11 10 -12 0
15 -18 8 0
3 -10 13 0
18 8 -4 0
-18 -11 13 0
16 17 12 0
