c generated using generator by M.Motoki 
c solution added by T.Susanka 
s 577 111100101101010101
p cnf 18 50
w 54 9 90 55 6 48 6 10 12 94 1 32 6 95 47 95 16 35
-10 -15 -17 0
-3 11 12 0
-5 -9 -8 0
8 1 14 0
-9 15 3 0
12 -15 10 0
-12 -15 -17 0
-7 13 -8 0
3 -16 -11 0
-11 -2 4 0
15 1 -5 0
-6 8 -5 0
-15 8 -5 0
10 12 -13 0
-8 -16 11 0
-15 -12 -3 0
7 -14 4 0
-13 8 -5 0
-2 -5 -12 0
15 10 -13 0
4 14 15 0
18 14 -17 0
-16 12 -11 0
-2 -3 -13 0
12 -18 15 0
16 -10 -11 0
-15 -5 4 0
10 16 -12 0
-10 -17 8 0
16 15 14 0
-14 2 9 0
15 17 4 0
-9 -17 11 0
-11 -13 -6 0
5 7 8 0
6 -4 14 0
9 16 -14 0
18 5 6 0
18 -3 5 0
17 -2 4 0
-4 6 -11 0
3 -18 -9 0
5 13 -8 0
-3 -12 -13 0
12 5 -11 0
-2 9 12 0
18 -11 -6 0
1 -18 6 0
8 12 -10 0
-12 -16 -6 0
