c generated using generator by M.Motoki 
c solution added by T.Susanka 
s 575 100111110011111010
p cnf 18 50
w 93 21 60 78 62 7 31 1 20 25 18 84 74 37 57 59 33 32
17 8 -11 0
5 14 15 0
3 -18 -4 0
-13 14 16 0
17 -13 -15 0
1 -10 -15 0
7 -8 -14 0
-10 17 -9 0
-3 -11 -6 0
-8 15 -6 0
9 -16 -17 0
5 -3 1 0
-1 -15 6 0
-10 -8 -1 0
-15 -2 -14 0
-14 11 -5 0
-15 13 -18 0
5 16 -13 0
10 2 8 0
4 5 13 0
5 -4 -12 0
5 -12 -18 0
4 18 -11 0
-10 15 16 0
-3 17 -2 0
-3 6 1 0
-4 -16 -14 0
-2 9 -6 0
18 -2 -13 0
-14 11 8 0
-8 6 -11 0
7 -11 16 0
16 15 -4 0
-15 8 11 0
13 3 -6 0
-10 -17 -1 0
-8 -2 -10 0
6 -13 -1 0
17 -13 -7 0
3 18 12 0
4 5 -11 0
-11 -12 8 0
5 10 -2 0
-17 1 10 0
9 8 -13 0
2 -18 -17 0
-6 1 10 0
-4 -13 -9 0
9 15 -6 0
-17 -6 -16 0
