c generated using generator by M.Motoki 
c solution added by T.Susanka 
s 770 111001100111011111
p cnf 18 50
w 75 71 28 16 14 71 65 17 85 91 24 61 76 81 91 29 11 72
10 18 -14 0
-17 -4 5 0
-8 -12 7 0
-7 -8 15 0
-10 2 -13 0
5 3 8 0
-3 -5 2 0
-4 -13 -3 0
-8 -10 -1 0
10 3 -7 0
16 12 -8 0
1 -8 -6 0
12 -7 -16 0
16 -1 -18 0
5 -6 18 0
-15 -4 -3 0
-18 8 -13 0
3 -16 13 0
18 4 -8 0
-9 6 -3 0
-17 -14 6 0
2 3 13 0
-17 -1 6 0
-10 12 1 0
11 -12 -15 0
-11 -5 14 0
-7 -1 3 0
-2 -5 -15 0
11 -9 -8 0
6 10 -15 0
-13 17 14 0
4 12 -13 0
3 -2 -5 0
3 -9 2 0
2 -3 17 0
3 -2 -6 0
12 8 -5 0
-16 -3 7 0
3 -9 10 0
-9 -11 -18 0
-8 3 -7 0
4 -3 1 0
-7 -8 -16 0
-18 6 -16 0
7 -18 -13 0
16 -5 6 0
-7 -9 4 0
14 16 -10 0
-15 7 -10 0
16 4 18 0
