c generated using generator by M.Motoki 
c solution added by T.Susanka 
s 820 011011101111111101
p cnf 18 50
w 27 72 94 81 76 73 32 1 94 26 38 93 48 41 38 31 90 64
12 7 1 0
-17 8 -12 0
-5 14 4 0
-8 -17 -15 0
12 18 -5 0
5 -9 11 0
-15 -14 12 0
-2 5 14 0
3 5 2 0
-6 17 14 0
1 17 3 0
9 18 8 0
-11 -12 5 0
-7 11 -5 0
7 4 13 0
2 -13 -15 0
-17 3 10 0
-16 -1 -2 0
17 7 5 0
1 3 -8 0
-1 16 5 0
-8 12 9 0
16 11 -2 0
16 -7 -11 0
-8 -16 6 0
-2 -16 18 0
6 -3 4 0
-6 -4 -15 0
15 7 -12 0
-16 -8 15 0
17 8 -4 0
-3 16 -6 0
13 2 -12 0
9 12 -2 0
17 5 -14 0
10 -16 1 0
-13 8 12 0
8 5 3 0
2 14 -3 0
9 -6 -8 0
-8 -12 4 0
14 -5 -2 0
-17 -11 -10 0
3 14 15 0
4 7 -18 0
5 -2 -6 0
-14 -10 7 0
-11 4 6 0
14 2 13 0
-11 7 -3 0
