c generated using generator by M.Motoki 
c solution added by T.Susanka 
s 824 111111110111101111
p cnf 18 50
w 21 68 97 16 77 55 41 66 2 80 11 17 26 59 72 71 68 38
-9 -11 -2 0
-15 -13 2 0
12 -10 -5 0
7 5 -14 0
-12 9 3 0
6 2 16 0
-14 -2 -18 0
3 -14 1 0
-4 -1 10 0
1 -13 -12 0
9 5 -16 0
4 5 15 0
-18 5 -15 0
-9 -11 -2 0
8 18 9 0
-17 -14 18 0
7 -13 -5 0
-13 -2 6 0
17 11 -18 0
13 -7 16 0
-15 -17 16 0
17 -16 -11 0
-2 10 -9 0
-6 5 -8 0
-6 16 -10 0
-9 -14 1 0
8 10 6 0
-16 11 2 0
-1 11 17 0
-8 16 -18 0
6 -1 13 0
-13 16 17 0
4 3 13 0
17 -1 -3 0
-2 10 -1 0
-6 1 -12 0
1 17 3 0
1 3 -18 0
-3 -14 -2 0
-18 11 -15 0
2 8 -4 0
-18 17 15 0
15 -17 -9 0
-4 -2 -9 0
13 1 18 0
13 5 6 0
4 17 14 0
2 4 -16 0
4 16 -18 0
2 -9 -10 0
