c generated using generator by M.Motoki 
c solution added by T.Susanka 
s 679 101111011000111001
p cnf 18 50
w 66 15 94 67 83 81 90 32 93 30 8 12 83 12 6 80 7 62
-3 16 9 0
-11 2 -1 0
17 -16 8 0
10 13 -15 0
3 9 -17 0
7 -3 4 0
-17 7 -16 0
-3 7 -12 0
11 -10 -14 0
12 -18 -10 0
-13 17 -16 0
-16 -15 -17 0
-7 -10 12 0
-13 18 15 0
8 -16 -1 0
12 6 -8 0
-8 -12 -6 0
-7 -13 16 0
-5 -12 17 0
15 14 10 0
10 -9 -7 0
-14 3 1 0
-2 6 18 0
6 -12 10 0
11 18 -16 0
7 5 3 0
-18 -7 -15 0
-16 5 17 0
-2 4 -11 0
3 9 -5 0
-9 -17 -7 0
-7 -4 -17 0
6 12 17 0
-7 16 -8 0
13 -8 11 0
15 5 6 0
10 5 16 0
11 2 8 0
-16 -7 -11 0
6 4 5 0
-5 2 -11 0
-9 -17 -6 0
16 -10 3 0
3 5 2 0
-2 -8 -5 0
15 -6 -18 0
-12 5 -18 0
13 -18 11 0
-17 -3 -4 0
14 13 7 0
