c generated using generator by M.Motoki 
c solution added by T.Susanka 
s 729 110110111101110111
p cnf 18 50
w 54 22 60 49 4 38 95 34 68 93 37 41 28 5 11 81 86 69
6 8 3 0
-8 10 -15 0
-3 1 9 0
-16 -10 -6 0
7 -18 -9 0
2 -16 13 0
-12 2 -13 0
-13 10 11 0
9 -10 16 0
3 -15 12 0
6 -7 16 0
-2 4 18 0
1 12 2 0
9 -4 8 0
17 9 5 0
-11 -2 12 0
12 16 2 0
-10 13 -1 0
1 7 11 0
-15 -4 -18 0
8 -4 2 0
9 7 8 0
11 5 -2 0
-6 10 12 0
-10 -17 -3 0
-3 -6 9 0
-5 -13 4 0
-15 3 -1 0
-15 16 17 0
2 -18 -15 0
-11 12 17 0
18 9 -3 0
-18 -15 4 0
-11 -7 15 0
11 18 -7 0
2 16 -18 0
-1 8 14 0
8 -14 15 0
2 -11 18 0
14 1 15 0
-3 -10 -6 0
-15 13 -3 0
17 -8 10 0
-6 -5 7 0
-8 -11 -6 0
2 -8 -14 0
5 1 14 0
-10 8 -2 0
-11 16 2 0
-6 4 -15 0
