c generated using generator by M.Motoki 
c solution added by T.Susanka 
s 585 111011110111101001
p cnf 18 50
w 16 42 64 2 9 54 17 30 65 10 62 87 66 63 38 50 20 90
-7 16 15 0
-14 -10 4 0
-2 10 -13 0
10 14 8 0
-4 -2 -5 0
4 -6 7 0
-14 -11 -6 0
-13 9 10 0
9 10 13 0
1 3 -18 0
7 3 -4 0
-10 1 3 0
-17 -9 -15 0
16 15 11 0
11 -18 -16 0
-13 5 12 0
-8 5 -13 0
-5 4 6 0
-2 -1 -9 0
-6 2 -1 0
-8 -5 1 0
-7 15 -4 0
-18 -16 -6 0
-9 3 7 0
-3 18 -16 0
-9 -18 15 0
-6 11 -4 0
-18 7 16 0
-7 -17 9 0
-10 -11 -9 0
-4 13 -3 0
15 2 14 0
10 -1 17 0
15 -12 -14 0
17 -6 3 0
7 -14 1 0
2 9 -18 0
13 -1 -16 0
11 10 -15 0
-15 -16 -5 0
-18 13 -2 0
-14 -11 -9 0
4 -16 5 0
13 -8 3 0
3 16 -9 0
3 6 15 0
11 -10 1 0
-17 13 2 0
9 8 -16 0
5 -7 10 0
