c generated using generator by M.Motoki 
c solution added by T.Susanka 
s 730 111101111110110110
p cnf 18 50
w 80 48 86 53 15 23 31 51 80 37 20 7 36 86 26 71 28 27
-1 8 2 0
11 -6 10 0
-9 -13 3 0
18 1 16 0
-5 14 7 0
-5 -12 -3 0
-16 -15 -2 0
16 3 2 0
-18 -3 -9 0
-2 18 -12 0
11 -18 -7 0
17 -18 16 0
-9 3 17 0
10 4 1 0
8 -11 6 0
11 -12 -1 0
13 9 7 0
1 16 -13 0
14 17 -4 0
17 -9 -4 0
-11 -15 -17 0
-1 -15 4 0
6 -12 18 0
15 1 -7 0
-18 12 -15 0
-3 6 16 0
-4 -13 1 0
11 -18 -8 0
12 -3 9 0
-13 -8 17 0
13 -1 12 0
-17 8 6 0
2 -18 -12 0
-4 -14 3 0
-7 -5 -3 0
4 -10 -9 0
15 -3 11 0
-6 11 -9 0
6 -12 16 0
7 -1 -14 0
-15 -6 18 0
13 10 15 0
9 -1 -8 0
1 14 -2 0
-5 -4 -1 0
18 5 1 0
14 15 12 0
-15 12 9 0
11 -8 -10 0
-14 6 1 0
