c generated using generator by M.Motoki 
c solution added by T.Susanka 
s 774 011010111111001111
p cnf 18 50
w 95 55 82 80 70 13 12 75 74 84 40 5 71 2 80 88 93 16
10 -11 5 0
11 18 8 0
-10 13 -1 0
-12 -11 15 0
-8 17 -3 0
-5 -18 -14 0
15 -16 12 0
-2 3 5 0
-1 -4 -2 0
12 -1 -18 0
-10 -14 -1 0
1 -4 -13 0
-17 7 1 0
-9 18 -16 0
4 5 -10 0
9 -8 -2 0
-15 -3 16 0
17 -15 -10 0
2 4 -5 0
10 1 -7 0
15 2 -13 0
-6 -5 -13 0
-2 -6 -17 0
1 12 17 0
-13 15 -11 0
14 18 1 0
-3 5 8 0
3 -12 -9 0
-18 4 8 0
4 9 12 0
-4 -3 -9 0
7 -5 16 0
17 4 6 0
16 -10 -4 0
4 -18 9 0
18 -2 15 0
6 7 -1 0
1 -14 -8 0
-17 -18 15 0
-13 -7 -6 0
9 -7 -11 0
-7 14 -1 0
-11 -8 -13 0
16 8 4 0
-13 4 -17 0
-18 -15 9 0
9 -15 -7 0
-8 -17 16 0
15 14 2 0
16 11 -5 0
