c generated using generator by M.Motoki 
c solution added by T.Susanka 
s 777 111011100111101011
p cnf 18 50
w 44 74 84 10 58 20 98 42 42 54 50 53 66 59 75 38 74 27
14 1 -11 0
-17 12 15 0
3 5 15 0
-4 16 -9 0
-11 18 -2 0
-3 -6 2 0
16 2 -7 0
-1 11 12 0
6 16 10 0
-8 2 -7 0
5 6 8 0
2 -16 -5 0
-2 -5 -8 0
-16 -7 -11 0
13 -7 -1 0
4 14 -9 0
6 -4 -1 0
-11 13 -10 0
-3 1 -2 0
-6 11 -15 0
12 -14 -4 0
-15 7 12 0
-12 -10 2 0
6 7 -1 0
-3 -6 11 0
-18 7 10 0
-5 13 16 0
-14 -7 6 0
-13 11 15 0
-5 -2 -14 0
-4 -18 5 0
-14 -15 7 0
-17 13 15 0
-11 -4 9 0
-1 -12 5 0
-18 -8 11 0
-9 17 -11 0
-16 7 -1 0
-9 7 -8 0
6 1 -15 0
9 11 14 0
7 12 -3 0
-4 -18 16 0
7 10 3 0
5 -1 -10 0
18 -10 6 0
13 -18 11 0
-9 -11 8 0
4 -9 3 0
-12 17 1 0
