c generated using generator by M.Motoki 
c solution added by T.Susanka 
s 788 110110011001111111
p cnf 18 50
w 95 33 32 92 74 69 38 86 19 11 18 26 39 67 54 86 76 41
17 -7 8 0
-8 -12 15 0
16 11 -2 0
-6 5 7 0
-18 -17 -7 0
-2 -12 17 0
-14 -8 17 0
8 -9 15 0
-4 12 9 0
17 -6 8 0
15 7 4 0
12 13 5 0
12 4 -15 0
9 -3 -2 0
16 -6 -15 0
2 -6 -9 0
4 6 3 0
-4 -12 1 0
-13 -16 9 0
15 -11 2 0
-9 5 14 0
13 8 6 0
1 -6 15 0
15 -12 14 0
3 -6 8 0
-9 12 4 0
1 -6 4 0
-17 12 -2 0
8 -6 9 0
-10 -4 9 0
7 12 11 0
2 3 6 0
18 -7 -13 0
-11 -16 -8 0
2 -3 15 0
-1 18 12 0
16 -1 -17 0
10 -16 14 0
-11 -16 -15 0
2 9 -4 0
13 2 -14 0
-15 -17 -10 0
14 -13 -12 0
6 12 -15 0
-11 -10 4 0
-1 6 -10 0
-1 -6 -5 0
-4 -3 -9 0
-4 -9 15 0
8 -4 -7 0
