c generated using generator by M.Motoki 
c solution added by T.Susanka 
s 634 101111111110111101
p cnf 18 50
w 15 10 30 74 61 68 7 35 76 32 40 29 37 30 57 18 94 54
13 10 11 0
-13 3 -17 0
-4 -17 13 0
-18 11 13 0
5 11 10 0
-11 8 -14 0
4 -13 2 0
11 -1 -10 0
-4 9 -18 0
-5 -17 -15 0
-5 13 8 0
-8 14 9 0
-10 7 -16 0
-12 -2 3 0
-16 -12 13 0
-14 13 6 0
-2 12 -8 0
8 3 -1 0
16 7 -18 0
6 -14 -7 0
11 8 -9 0
-15 14 -2 0
-5 -13 18 0
10 7 -5 0
7 14 5 0
-17 -15 4 0
-17 -6 16 0
14 -18 -5 0
-11 -17 6 0
-7 -15 16 0
-11 -6 -17 0
-17 15 6 0
12 -18 3 0
11 7 -10 0
14 2 18 0
12 11 10 0
8 11 -17 0
-8 -1 3 0
13 17 -14 0
15 -8 17 0
9 13 -3 0
-5 -16 -12 0
-16 -9 18 0
11 12 -15 0
5 11 -17 0
11 10 -4 0
-16 18 -4 0
-14 15 -11 0
5 18 8 0
-2 -16 -5 0
