c generated using generator by M.Motoki 
c solution added by T.Susanka 
s 579 011101001101111100
p cnf 18 50
w 87 62 90 47 73 15 44 66 99 46 22 33 36 85 39 27 44 5
-17 5 -2 0
16 15 4 0
17 12 -16 0
-6 -7 -3 0
2 -15 -7 0
17 -11 5 0
-2 -9 -18 0
-3 2 -8 0
7 -4 -18 0
15 12 14 0
-14 16 5 0
-15 -8 -10 0
-12 18 -8 0
15 -1 -7 0
6 -4 -11 0
-10 4 -6 0
-9 -5 -3 0
-6 11 -8 0
-11 8 -1 0
-14 13 -9 0
-2 4 -6 0
-7 -3 -17 0
3 -8 -1 0
11 -1 -4 0
-11 12 -8 0
-15 -18 12 0
-15 5 9 0
-2 4 -16 0
15 -7 3 0
6 3 10 0
5 -1 8 0
-3 -14 4 0
13 11 4 0
-7 -10 -14 0
1 -9 3 0
-14 -10 6 0
9 13 15 0
1 17 16 0
-8 -16 -17 0
17 -1 3 0
-6 -17 -16 0
12 16 -8 0
-6 -8 -3 0
-5 7 16 0
16 13 -3 0
13 -17 -14 0
16 2 -7 0
-18 11 -3 0
-6 16 -14 0
1 13 14 0
