c generated using generator by M.Motoki 
c solution added by T.Susanka 
s 694 011001011111101111
p cnf 18 50
w 38 78 44 14 47 85 73 16 39 79 55 23 74 11 35 98 54 14
-15 -16 13 0
-18 15 14 0
1 -11 18 0
-5 -17 -6 0
8 -7 10 0
4 2 9 0
-12 10 -16 0
15 -1 -4 0
18 1 10 0
15 1 -8 0
14 2 10 0
13 5 -10 0
1 -16 9 0
7 17 -14 0
-9 17 15 0
-13 -1 5 0
9 -18 10 0
11 -17 13 0
-11 3 8 0
-17 -7 -14 0
4 -15 -7 0
-8 14 -4 0
10 -4 -13 0
-17 3 14 0
8 -9 -15 0
9 -6 -11 0
-9 15 -2 0
-7 -3 -4 0
5 15 -18 0
-16 -7 3 0
-2 -9 16 0
9 -1 -11 0
-16 -5 -1 0
7 -5 1 0
-14 3 5 0
16 8 12 0
5 16 13 0
8 18 -3 0
9 4 8 0
13 8 9 0
-2 11 7 0
18 -5 4 0
-2 -6 9 0
4 16 9 0
9 -8 -10 0
7 3 13 0
3 1 -15 0
-13 -14 -8 0
-7 14 15 0
-10 -14 -1 0
