c generated using generator by M.Motoki 
c solution added by T.Susanka 
s 618 111010111100101101
p cnf 18 50
w 38 64 26 7 78 9 96 43 12 34 32 67 83 49 49 54 15 41
-15 13 7 0
-9 13 -8 0
18 -4 -14 0
-2 13 -15 0
-11 -6 -16 0
11 6 -12 0
5 15 8 0
1 -4 13 0
11 3 1 0
-15 7 -14 0
-10 -1 -4 0
-2 16 8 0
-10 13 -16 0
-14 -7 5 0
-14 -17 -2 0
5 12 14 0
-4 9 13 0
-7 10 -14 0
-5 -14 4 0
-7 13 3 0
-1 16 -12 0
-1 -10 -17 0
9 8 5 0
-8 5 2 0
-12 14 -17 0
5 7 18 0
13 12 -6 0
5 -3 -1 0
10 -6 12 0
-12 -14 -5 0
-16 15 4 0
9 2 -15 0
9 -10 -2 0
2 -16 8 0
13 -14 15 0
12 -15 16 0
3 8 4 0
10 4 9 0
6 -15 1 0
16 11 1 0
2 4 -14 0
3 -6 -15 0
14 -16 -4 0
-12 -15 -10 0
-15 -6 17 0
-14 18 -7 0
-15 -11 -8 0
-11 8 -2 0
-16 15 -8 0
15 -5 13 0
