c generated using generator by M.Motoki 
c solution added by T.Susanka 
s 808 101111111011111111
p cnf 18 50
w 88 77 87 92 21 3 61 54 0 82 95 78 32 37 0 53 68 39
-2 -1 18 0
-6 17 1 0
10 -2 17 0
-10 4 -3 0
11 12 -9 0
17 -9 -13 0
13 -8 10 0
-15 -14 5 0
-15 9 12 0
1 18 -3 0
-15 -7 -10 0
15 7 -13 0
2 9 18 0
6 -16 3 0
7 9 -15 0
1 7 -18 0
4 11 -10 0
4 13 14 0
15 18 -8 0
18 -17 -13 0
-16 -14 17 0
4 6 14 0
12 7 -1 0
13 -7 10 0
-8 -10 -2 0
-6 3 -7 0
5 -4 -3 0
-6 -2 -17 0
17 3 -14 0
6 7 -12 0
17 -16 -12 0
-2 16 -12 0
9 -16 14 0
17 6 -12 0
16 15 -8 0
-5 -7 6 0
-4 -10 -17 0
-14 3 -18 0
8 4 -10 0
-11 -13 3 0
3 1 -6 0
9 -6 -1 0
5 -3 -15 0
13 14 -15 0
5 -11 2 0
3 4 -12 0
-13 18 5 0
-10 11 4 0
15 -9 2 0
13 -18 -14 0
