c generated using generator by M.Motoki 
c solution added by T.Susanka 
s 728 111101111101111110
p cnf 18 50
w 49 62 69 32 4 20 94 38 20 41 22 4 72 37 97 2 91 50
13 -7 9 0
2 9 -12 0
-11 5 16 0
-4 -14 -5 0
-5 -1 10 0
1 8 18 0
-2 -18 -4 0
-3 8 9 0
-15 -3 -11 0
-7 5 6 0
12 -11 -7 0
2 -3 1 0
10 -4 6 0
18 16 7 0
-13 16 2 0
-6 17 13 0
-12 17 11 0
-10 -11 -17 0
13 5 -18 0
-3 12 -17 0
12 15 4 0
11 16 3 0
-5 -7 -8 0
10 -15 5 0
-1 9 -15 0
16 14 1 0
-11 -1 8 0
-18 10 -16 0
11 12 -15 0
13 4 7 0
13 -17 6 0
2 5 9 0
4 -13 -6 0
4 -13 -16 0
13 2 11 0
-9 -11 -4 0
7 -2 -9 0
-10 16 -8 0
2 -16 11 0
9 11 1 0
10 2 -14 0
5 -13 6 0
-6 4 -5 0
16 2 -10 0
-14 8 12 0
-2 17 4 0
-16 4 -14 0
10 -12 -13 0
1 14 -2 0
14 -2 10 0
