c generated using generator by M.Motoki 
c solution added by T.Susanka 
s 855 010111110111111111
p cnf 18 50
w 36 36 29 23 9 66 38 78 14 96 54 97 53 22 95 33 89 66
17 -12 15 0
12 -10 3 0
-18 10 -2 0
-9 -18 4 0
-15 4 -14 0
12 -18 13 0
8 12 5 0
-14 8 -5 0
17 -6 14 0
-12 10 1 0
-6 18 17 0
11 -2 13 0
-14 -15 5 0
-9 4 -17 0
-9 -18 6 0
-1 -9 14 0
5 -14 -9 0
18 -10 16 0
-10 -3 -12 0
-17 10 -13 0
12 -7 11 0
-18 17 16 0
-7 5 -1 0
-4 18 7 0
10 -15 14 0
5 9 1 0
-5 -11 2 0
2 -7 9 0
-15 -1 7 0
-1 -18 9 0
-9 8 -18 0
2 -12 -10 0
-10 4 2 0
1 4 -11 0
18 -7 4 0
-18 5 11 0
3 -16 11 0
-5 -14 8 0
14 -17 -18 0
-4 13 -12 0
7 8 -16 0
14 -7 1 0
-17 1 -9 0
8 12 -17 0
5 14 -8 0
-7 3 2 0
14 11 -12 0
11 -5 8 0
18 8 9 0
-8 -1 -10 0
