c generated using generator by M.Motoki 
c solution added by T.Susanka 
s 896 001010111111111111
p cnf 18 50
w 22 43 66 38 95 83 97 62 78 90 95 12 15 16 96 70 45 59
-18 14 15 0
2 -12 7 0
-1 -10 -16 0
-2 10 -5 0
-11 14 -16 0
13 9 12 0
9 -1 8 0
-13 17 -16 0
1 7 2 0
-8 14 -11 0
-4 7 5 0
13 11 6 0
-18 13 17 0
-1 -11 -10 0
-18 13 -4 0
4 16 8 0
6 8 13 0
17 1 5 0
-12 -18 10 0
-4 -12 -8 0
-18 -2 16 0
12 -8 -3 0
12 -2 -16 0
-6 -15 10 0
1 -15 9 0
-17 18 -10 0
-9 17 -6 0
9 7 5 0
-13 7 1 0
10 -4 -5 0
4 16 18 0
-16 3 -7 0
-15 14 4 0
12 -4 2 0
-5 12 4 0
10 12 7 0
2 -3 12 0
16 -8 17 0
13 9 7 0
-2 -7 -10 0
2 -4 -11 0
11 10 -2 0
-13 -2 8 0
-14 -3 -2 0
15 -10 18 0
14 6 18 0
3 -16 11 0
-18 11 -17 0
-6 -11 -3 0
-11 3 5 0
