c generated using generator by M.Motoki 
c solution added by T.Susanka 
s 871 111011111110101110
p cnf 18 50
w 40 55 71 49 99 87 89 19 96 32 72 41 99 32 1 80 31 98
16 9 -7 0
-2 -18 -7 0
7 2 8 0
-12 -15 18 0
11 -7 -1 0
8 -7 -12 0
16 15 -9 0
15 -1 9 0
-8 -9 5 0
-9 4 -14 0
9 -11 -7 0
11 -14 -9 0
9 13 10 0
-11 2 15 0
2 16 15 0
-2 -12 -6 0
-4 12 -8 0
16 9 4 0
8 9 7 0
8 17 -9 0
8 -14 15 0
15 -9 14 0
2 -13 1 0
17 5 -1 0
-6 -8 15 0
3 18 4 0
-6 5 -10 0
2 17 -9 0
-16 10 2 0
-11 -18 14 0
-17 -13 -14 0
-2 6 -9 0
14 -18 -1 0
-3 13 6 0
-18 -10 -14 0
-4 -3 -11 0
-18 4 15 0
-1 10 16 0
-12 -11 -7 0
7 5 18 0
9 6 -7 0
-2 -15 16 0
-18 5 13 0
8 -3 6 0
-15 -14 6 0
2 18 -16 0
-7 -11 13 0
-14 5 -11 0
-13 -5 6 0
3 9 -5 0
