c generated using generator by M.Motoki 
c solution added by T.Susanka 
s 519 001111111101111111
p cnf 18 50
w 37 30 48 63 1 0 22 50 62 54 37 6 83 38 30 35 15 12
-17 6 11 0
10 -11 2 0
16 4 13 0
-4 -2 -6 0
-17 13 16 0
-12 -8 -11 0
7 8 18 0
-5 7 -8 0
18 12 17 0
-3 10 -11 0
-18 -8 -2 0
10 -8 16 0
6 -7 -3 0
5 -3 -6 0
-18 -7 5 0
-11 6 -3 0
17 -11 10 0
-16 -4 3 0
-14 10 16 0
-14 15 -17 0
-18 16 -7 0
-11 -14 12 0
-11 10 7 0
18 8 -9 0
-15 18 11 0
-4 10 6 0
4 15 -3 0
18 2 7 0
-2 -9 -16 0
2 -1 11 0
4 -2 12 0
-6 -16 -2 0
-12 15 7 0
12 2 -3 0
-1 8 -15 0
-6 8 -16 0
16 -7 -10 0
15 -9 -5 0
3 7 11 0
-15 5 -10 0
18 -15 -9 0
-9 -14 16 0
-2 7 -11 0
3 17 -7 0
-1 -16 -7 0
18 17 6 0
15 -7 -13 0
16 -14 15 0
-11 9 1 0
6 14 -8 0
