c generated using generator by M.Motoki 
c solution added by T.Susanka 
s 670 010100111110011111
p cnf 18 50
w 78 46 43 24 19 24 77 52 92 50 50 30 58 57 32 88 33 69
-13 -8 -15 0
10 8 4 0
-2 6 -13 0
18 15 7 0
-16 -3 17 0
-10 -9 17 0
-13 -14 15 0
-14 -15 2 0
-2 13 -1 0
9 -4 -1 0
16 11 -15 0
11 -14 -2 0
-12 13 2 0
-2 7 -18 0
-6 -11 17 0
16 4 -8 0
-3 9 -4 0
-4 -10 -6 0
-10 15 -4 0
-15 -16 10 0
9 6 -7 0
2 9 -17 0
-16 -3 -9 0
14 11 9 0
-3 -7 -12 0
9 13 6 0
4 -14 12 0
-10 15 -12 0
14 -8 -15 0
-14 8 -16 0
-16 10 4 0
-11 17 5 0
18 -12 14 0
-15 10 4 0
-16 -14 -13 0
7 -2 12 0
4 -13 18 0
4 14 -10 0
12 10 13 0
6 10 18 0
-6 -16 -7 0
-5 -16 -10 0
9 18 16 0
-14 -10 8 0
15 17 7 0
-2 -10 11 0
-13 10 -4 0
3 -15 -12 0
-1 -14 -3 0
-16 -5 7 0
