c generated using generator by M.Motoki 
c solution added by T.Susanka 
s 775 110100110111110111
p cnf 18 50
w 98 58 91 85 91 25 41 39 8 69 81 32 91 60 0 33 6 82
-5 10 14 0
16 -4 -17 0
17 15 18 0
3 17 -1 0
7 -4 5 0
-5 11 16 0
3 -5 -17 0
-6 -5 -1 0
15 8 16 0
-12 9 13 0
8 -14 5 0
1 -11 -2 0
-6 -2 4 0
13 8 14 0
7 17 10 0
-3 17 -9 0
1 10 -5 0
4 9 -3 0
-4 14 12 0
-16 13 -11 0
-3 7 9 0
8 -10 12 0
5 -7 -9 0
-3 -11 -7 0
-1 -18 11 0
8 -16 -10 0
10 15 -1 0
18 6 -3 0
14 -7 -9 0
-3 -13 -11 0
11 -8 2 0
14 15 -8 0
-17 18 4 0
-15 12 17 0
-2 3 10 0
13 -12 -14 0
11 15 5 0
18 4 17 0
1 -14 12 0
-14 1 -16 0
3 -1 2 0
-3 2 -18 0
1 -18 -10 0
-14 10 -8 0
-17 -16 -6 0
12 -7 -3 0
-2 -6 -13 0
12 14 -3 0
16 -8 -7 0
6 -10 13 0
