c generated using generator by M.Motoki 
c solution added by T.Susanka 
s 726 111111110111101110
p cnf 18 50
w 77 14 30 22 35 70 11 70 55 27 98 59 84 97 69 3 57 3
12 16 -4 0
3 11 -17 0
17 14 4 0
7 -16 -10 0
10 5 -14 0
-16 15 13 0
3 -12 -8 0
-6 5 -18 0
1 13 -12 0
-11 -17 -14 0
18 6 2 0
-15 -11 4 0
-10 -9 17 0
-16 15 18 0
-15 11 17 0
17 -5 -3 0
-5 13 -9 0
3 -16 -1 0
10 12 -2 0
-18 -5 -9 0
-13 8 -4 0
-14 18 8 0
-3 -14 11 0
7 -6 18 0
17 -9 -16 0
3 -16 8 0
3 2 -10 0
3 -10 -14 0
-9 -4 -8 0
3 -5 2 0
-5 1 -9 0
3 -15 14 0
5 -18 1 0
17 6 3 0
11 -3 6 0
11 -9 7 0
-4 -15 8 0
8 17 -1 0
7 -16 -3 0
3 -5 -7 0
-3 -18 12 0
-1 -5 10 0
11 -16 -12 0
6 -5 9 0
-6 5 -1 0
17 4 -11 0
16 13 -15 0
10 1 -8 0
-2 -7 -18 0
-11 -14 9 0
