c generated using generator by M.Motoki 
c solution added by T.Susanka 
s 611 101111111100110110
p cnf 18 50
w 28 16 27 65 47 65 69 10 55 2 89 19 93 51 28 8 91 12
10 -7 1 0
-14 -1 17 0
4 11 -12 0
-5 8 -16 0
-15 -1 -7 0
-3 -2 -7 0
-12 1 15 0
8 -13 18 0
-2 11 -8 0
-16 5 12 0
4 -3 -6 0
-16 14 -6 0
10 6 3 0
6 -10 -14 0
3 -10 15 0
-17 8 -14 0
-12 10 -14 0
-13 10 12 0
4 -7 -11 0
-8 -5 -11 0
16 -17 -10 0
5 -10 -16 0
-1 13 12 0
-14 2 7 0
-4 -18 -7 0
-18 3 12 0
-12 -9 13 0
9 15 3 0
-12 18 -14 0
3 -11 -18 0
-13 -7 16 0
7 8 -17 0
-10 17 11 0
17 -3 -13 0
-3 7 8 0
-7 14 -13 0
-2 5 -13 0
-6 -4 3 0
-8 1 -9 0
3 -7 18 0
-8 -13 -12 0
-6 -15 -7 0
8 11 12 0
-13 4 -1 0
10 -3 -1 0
18 -1 9 0
-2 -3 -6 0
16 2 1 0
-1 9 -3 0
1 -14 2 0
