c generated using generator by M.Motoki 
c solution added by T.Susanka 
s 650 111111010111101010
p cnf 18 50
w 65 81 42 10 28 23 88 43 98 70 67 70 12 33 56 67 83 3
-8 5 2 0
-12 9 4 0
-5 -12 1 0
13 5 -12 0
7 4 -13 0
14 -13 4 0
-9 16 -11 0
11 -14 -1 0
-6 13 -2 0
3 -18 13 0
5 4 -3 0
18 -14 1 0
-3 -4 1 0
16 17 -1 0
2 -12 10 0
-13 12 -15 0
-2 4 16 0
-18 -3 17 0
-12 -8 17 0
16 1 11 0
-5 1 3 0
-1 18 11 0
14 -2 6 0
-15 5 6 0
15 3 -7 0
-16 -14 -11 0
14 -4 10 0
11 15 -10 0
-8 -11 15 0
18 -10 13 0
-17 8 -6 0
6 -8 -5 0
14 10 -3 0
-17 1 -15 0
10 -9 -7 0
9 16 -14 0
-18 -5 -10 0
-16 1 13 0
-13 -14 -11 0
5 12 -17 0
2 -9 -11 0
-7 -1 13 0
10 14 5 0
-16 -6 -11 0
-9 2 -7 0
-7 -11 -4 0
-18 -2 -8 0
6 -10 -1 0
9 -18 16 0
-16 -9 -18 0
