c generated using generator by M.Motoki 
c solution added by T.Susanka 
s 704 000101111111010111
p cnf 18 50
w 23 32 95 91 45 46 24 62 80 51 17 39 53 37 82 78 80 99
14 -15 -10 0
-1 7 15 0
10 14 -15 0
18 12 15 0
-4 -17 -5 0
14 -1 11 0
-15 -14 -17 0
16 12 2 0
-13 -9 12 0
-4 10 13 0
8 6 -15 0
-3 15 -9 0
-6 15 12 0
2 -9 -3 0
17 6 1 0
7 10 -15 0
17 2 1 0
10 -6 -9 0
9 14 2 0
-4 6 -5 0
-10 -6 -15 0
-13 -17 15 0
2 -10 17 0
9 -7 -5 0
-16 14 2 0
13 6 2 0
-4 10 8 0
-14 -17 8 0
16 18 -2 0
9 12 -11 0
-18 7 -11 0
-12 9 15 0
-3 -8 -7 0
16 -6 17 0
1 4 2 0
17 14 6 0
13 3 -2 0
5 -1 -9 0
7 9 11 0
-12 -18 6 0
-16 -1 -9 0
-15 16 -1 0
13 11 -5 0
5 -18 16 0
17 -4 -8 0
8 16 7 0
-6 -18 -1 0
8 -13 -17 0
18 -8 -5 0
12 -10 3 0
