c generated using generator by M.Motoki 
c solution added by T.Susanka 
s 717 101110100011111111
p cnf 18 50
w 70 51 20 1 76 6 46 12 90 18 79 56 58 58 15 89 53 96
-15 -6 -4 0
-10 16 5 0
7 -18 6 0
-8 -13 6 0
12 10 -11 0
-16 3 13 0
-5 -9 14 0
-17 -9 -15 0
4 12 16 0
-2 -4 -18 0
-5 17 14 0
-16 -1 -9 0
-6 -1 -7 0
-14 -15 5 0
6 12 11 0
13 15 -14 0
-7 14 12 0
13 8 -12 0
16 -12 -11 0
-6 14 16 0
12 16 -8 0
2 -10 5 0
7 -10 18 0
-8 15 3 0
-6 1 -7 0
14 18 7 0
12 -4 -17 0
5 -16 9 0
-6 11 -12 0
2 -10 15 0
4 5 -16 0
-11 5 -1 0
6 15 13 0
-8 -17 -12 0
-10 9 6 0
-7 17 -18 0
-7 -17 1 0
13 -14 -3 0
4 -5 -12 0
4 2 -7 0
1 7 -8 0
-11 18 17 0
-2 -6 14 0
14 6 -18 0
10 13 -8 0
-6 7 2 0
-9 -12 -13 0
7 1 15 0
-2 12 -16 0
-10 15 -4 0
