c generated using generator by M.Motoki 
c solution added by T.Susanka 
s 437 101100000101111011
p cnf 18 50
w 20 47 56 15 37 63 6 3 60 49 10 19 86 13 86 18 71 22
14 -17 -12 0
8 18 11 0
18 16 -4 0
-3 15 1 0
-9 -14 -7 0
-16 -2 -14 0
9 18 -17 0
12 -17 -1 0
12 -4 9 0
-8 -3 9 0
-12 17 -14 0
-3 -5 11 0
-1 -16 -18 0
-17 -5 9 0
5 -12 18 0
-7 -14 -13 0
17 -5 9 0
-1 15 -14 0
-14 3 6 0
17 10 4 0
-8 13 -2 0
-3 10 -8 0
9 -14 3 0
-10 -2 18 0
-2 -18 -3 0
-11 1 -6 0
-13 -12 -2 0
-10 -6 -3 0
7 -9 -12 0
3 -6 8 0
10 3 17 0
-12 2 -6 0
-5 8 16 0
12 5 1 0
-2 9 6 0
16 -12 -6 0
-7 13 -10 0
4 10 -2 0
14 -16 1 0
-1 16 15 0
-15 -8 -9 0
3 4 1 0
-14 -11 8 0
14 -13 -18 0
17 -10 7 0
12 8 9 0
-4 12 -9 0
18 -10 14 0
6 -16 -4 0
-3 15 10 0
