c generated using generator by M.Motoki 
c solution added by T.Susanka 
s 897 111111111110101101
p cnf 18 50
w 9 99 87 68 73 97 98 21 44 53 48 70 80 94 1 38 22 81
8 -9 6 0
-12 4 7 0
8 11 12 0
-17 -14 16 0
-5 13 -14 0
9 10 -13 0
-17 1 -4 0
11 4 -7 0
16 -2 6 0
-8 -13 -17 0
-4 -13 8 0
8 18 -13 0
5 -12 16 0
-6 -4 2 0
-8 -7 10 0
4 -17 -12 0
-12 7 -14 0
-18 7 4 0
-8 -14 -2 0
11 10 17 0
18 -9 11 0
-8 17 -12 0
12 8 6 0
-2 4 6 0
1 11 -12 0
-10 3 -6 0
-5 -17 -3 0
-18 2 11 0
-17 18 16 0
13 -3 1 0
8 -7 13 0
15 10 -2 0
17 5 -4 0
3 14 9 0
9 15 3 0
-3 -11 8 0
14 4 -2 0
-3 12 6 0
10 17 -9 0
11 -10 -15 0
-7 18 12 0
-2 8 3 0
4 -2 3 0
10 5 16 0
-15 6 -8 0
7 18 -16 0
-8 5 12 0
-18 -4 -14 0
6 -7 15 0
-2 -10 8 0
