c generated using generator by M.Motoki 
c solution added by T.Susanka 
s 552 100111100011101110
p cnf 18 50
w 32 39 73 85 11 32 78 6 5 88 26 78 17 84 25 93 75 8
-10 -2 4 0
5 2 14 0
17 14 13 0
-16 7 -5 0
-14 -6 -2 0
16 8 3 0
-9 18 -2 0
3 -18 -17 0
-7 11 -17 0
5 6 -1 0
18 5 3 0
-14 6 -8 0
-3 -7 -4 0
2 -17 16 0
6 -17 10 0
-18 -7 9 0
3 -5 1 0
17 9 -7 0
-18 13 9 0
-6 -9 -1 0
-1 -3 -16 0
-2 -6 -15 0
8 6 -18 0
-5 -8 2 0
-6 -14 15 0
2 -4 -3 0
-14 -17 -7 0
17 14 -4 0
1 -5 2 0
-17 -16 -10 0
1 13 -4 0
-13 4 6 0
-6 1 16 0
-17 -4 6 0
15 -5 8 0
12 2 -13 0
-10 -15 16 0
16 6 -13 0
-18 17 6 0
-11 18 -9 0
13 4 -15 0
4 -18 16 0
18 1 7 0
-2 18 -12 0
-11 -14 10 0
-12 13 -16 0
-4 -17 16 0
-16 -10 -15 0
-4 18 17 0
-5 6 14 0
