c generated using generator by M.Motoki 
c solution added by T.Susanka 
s 850 101111110111101110
p cnf 18 50
w 34 41 63 14 86 99 66 95 32 29 66 38 97 42 58 56 49 45
4 -2 -9 0
-13 15 -16 0
-4 18 8 0
7 14 -9 0
1 4 -16 0
9 14 5 0
1 10 11 0
-8 -9 14 0
-6 -9 -1 0
12 -11 -9 0
-2 15 -17 0
3 6 12 0
-9 12 16 0
7 -17 -3 0
-1 -4 5 0
-5 8 6 0
-2 5 11 0
-8 -18 -5 0
-5 16 9 0
18 3 7 0
-9 4 11 0
6 -3 1 0
-11 5 3 0
-6 15 -5 0
8 10 -15 0
-7 -3 16 0
11 -6 18 0
9 -5 6 0
-9 -14 -11 0
12 15 -9 0
10 4 -1 0
14 17 -4 0
5 17 6 0
-7 -10 11 0
4 -16 5 0
17 -2 -7 0
12 -5 -15 0
-3 18 5 0
-11 -2 5 0
-14 -7 -17 0
11 10 -8 0
11 -14 -15 0
-15 -7 5 0
-2 -7 18 0
-18 -15 -6 0
2 6 -1 0
16 13 -12 0
5 -6 15 0
-13 2 -14 0
-12 3 11 0
