c generated using generator by M.Motoki 
c solution added by T.Susanka 
s 843 110110001110111111
p cnf 18 50
w 46 5 20 80 65 31 18 2 97 71 90 43 80 66 78 96 0 69
-14 -6 -18 0
15 16 14 0
2 17 4 0
15 2 -14 0
-2 13 -12 0
16 14 -3 0
-11 16 8 0
15 -11 9 0
-1 10 5 0
-2 -12 7 0
-17 -15 -8 0
14 8 -13 0
14 18 -7 0
-11 -6 -9 0
-14 -9 -7 0
9 -5 -18 0
-17 11 -15 0
18 1 -14 0
-17 7 11 0
1 12 -4 0
17 -10 -3 0
-3 -10 -7 0
6 17 -10 0
-3 -18 -16 0
12 16 11 0
-13 17 12 0
1 -3 13 0
18 9 -4 0
1 -16 8 0
-12 2 -18 0
-12 1 -6 0
-9 13 15 0
-6 17 9 0
-13 2 8 0
-9 -1 4 0
-7 -10 4 0
-9 13 14 0
1 5 13 0
13 -3 9 0
14 9 10 0
-17 3 5 0
10 5 -6 0
4 16 12 0
15 -17 -2 0
14 6 2 0
-18 -14 1 0
-9 -7 5 0
4 6 -2 0
7 -1 16 0
-16 11 -4 0
