c generated using generator by M.Motoki 
c solution added by T.Susanka 
s 735 001111101011001110
p cnf 18 50
w 55 10 98 56 79 74 89 88 97 12 48 80 30 73 74 0 40 55
-6 -10 -2 0
18 -11 -8 0
5 4 10 0
-14 -17 10 0
-14 12 -5 0
-17 -14 -11 0
-12 4 -10 0
-13 -6 2 0
9 -16 -6 0
11 14 5 0
-1 5 13 0
17 -5 -13 0
-10 13 2 0
-13 -15 -16 0
-12 -9 -13 0
7 15 -9 0
-3 -17 -2 0
-5 6 4 0
-13 -8 -2 0
-12 -5 -2 0
9 8 -7 0
2 -6 -13 0
-1 -6 -15 0
-12 -5 4 0
-9 6 -4 0
17 13 10 0
3 -10 -7 0
-6 -13 -2 0
14 -8 -5 0
-18 -14 -1 0
6 -11 -17 0
12 9 -13 0
-7 11 -10 0
6 1 14 0
11 -16 -13 0
-7 17 -8 0
-18 -8 9 0
17 -11 -13 0
-14 9 -3 0
17 -10 3 0
10 12 18 0
-1 10 11 0
11 -8 16 0
-7 8 11 0
16 -5 3 0
12 -18 -2 0
-17 -12 -18 0
13 16 14 0
-17 15 14 0
11 -9 -3 0
