Ochlazování;Chyba [%];Počet kroků
0.1;9.07;597
0.3;6.98;995
0.5;5.83;1592
0.75;4.97;3980
0.85;3.73;6766
0.9;3.19;10547
0.93;2.72;15323
0.95;2.55;21492
0.97;2.6;36218
0.99;1.48;109450
Equilibrium;Chyba [%];Počet kroků
1;4.81;3510
2;3.43;7110
3;3.24;10710
5;2.83;17910
10;2.24;35910
15;1.94;53910
20;1.92;71910
30;1.42;107910
40;1.27;143910
Počáteční teplota;Chyba [%];Počet kroků
0.2;5.46;2388
0.5;4.02;5373
2;3.14;9751
5;2.91;12736
10;2.66;14925
20;2.91;17114
40;2.62;19303
70;2.81;21094
100;2.91;22288
