Ochlazování;Chyba [%];Počet kroků
0.1;8.49;597
0.3;7.16;995
0.5;6.1;1592
0.75;4.6;3781
0.85;3.82;6567
0.9;3.54;10149
0.93;3.11;14726
0.95;2.74;20696
0.97;1.69;34626
0.99;1.25;105072
Equilibrium;Chyba [%];Počet kroků
1;4.62;3354
2;3.57;6794
3;3.4;10234
5;2.77;17114
10;1.8;34314
15;1.96;51514
20;1.85;68714
30;1.63;103114
40;1.49;137514
Počáteční teplota;Chyba [%];Počet kroků
0.2;5.06;2388
0.5;4.23;5373
2;3.12;9751
5;2.72;12736
10;2.89;14925
20;2.97;17114
40;2.65;19303
70;2.46;21094
100;2.89;22288
