9200 22 2625  1 0 1 1 1 1 1 1 1 1 1 0 1 1 1 1 0 0 1 1 1 1
9201 22 2211  1 1 1 0 0 1 1 1 1 0 1 1 1 1 1 0 1 0 1 1 1 1
9202 22 2433  0 1 1 1 1 1 1 1 0 1 1 1 1 1 1 1 0 0 1 1 1 1
9203 22 2474  1 1 1 1 1 1 1 0 1 1 1 1 0 1 1 0 0 1 1 1 1 1
9204 22 2845  1 1 0 1 1 1 1 1 1 1 1 1 1 1 1 1 1 1 1 0 1 0
9205 22 2581  1 1 0 1 1 1 1 0 0 1 1 1 0 0 1 0 1 1 1 1 1 1
9206 22 2401  0 1 1 1 1 0 1 1 1 1 1 1 1 0 1 1 1 0 0 1 1 0
9207 22 2637  1 1 1 1 1 1 1 1 1 1 1 1 1 0 1 0 0 1 1 1 0 1
9208 22 2425  1 1 0 1 1 1 1 1 0 0 1 1 1 0 1 0 1 1 1 1 0 1
9209 22 2265  1 1 1 1 1 1 1 1 1 1 1 0 1 0 0 1 1 0 1 1 0 1
9210 22 2576  1 1 1 1 0 1 1 1 1 1 0 1 1 1 1 1 1 1 1 1 0 0
9211 22 2482  1 0 1 1 1 1 1 0 1 1 1 1 0 1 1 1 1 0 1 1 0 0
9212 22 2561  1 1 1 0 1 1 1 1 0 1 1 1 1 0 0 1 0 1 1 1 0 1
9213 22 2677  1 1 1 1 0 1 1 1 1 1 1 1 1 0 1 1 0 0 0 0 1 1
9214 22 2395  1 1 1 1 1 1 1 1 0 1 0 1 1 1 1 0 1 1 0 1 1 0
9215 22 2641  1 1 1 0 1 1 1 1 0 1 1 0 0 0 1 1 1 1 1 1 0 1
9216 22 1865  1 1 1 1 1 1 1 1 1 1 1 0 0 1 1 1 1 0 1 1 1 0
9217 22 2505  1 1 0 1 1 1 1 0 1 0 1 0 1 1 1 1 0 1 1 1 0 1
9218 22 2244  1 1 1 1 1 1 1 0 1 1 1 1 1 0 1 1 1 1 0 1 1 1
9219 22 2295  1 1 1 1 1 1 1 1 0 0 1 0 1 1 1 1 1 1 1 0 1 1
9220 22 2571  1 1 1 1 1 0 1 1 0 1 0 1 1 1 1 0 1 1 1 1 1 1
9221 22 3030  1 1 1 1 1 1 1 1 1 0 1 0 1 0 1 1 1 1 1 1 1 1
9222 22 2361  1 0 1 1 1 0 1 1 1 1 1 1 0 0 1 1 0 1 1 0 1 1
9223 22 2770  1 1 1 1 1 1 1 1 1 1 1 0 1 1 0 0 1 0 1 0 1 1
9224 22 2315  1 0 0 1 1 1 0 1 1 0 1 1 0 0 1 1 1 1 1 1 1 1
9225 22 2541  1 0 1 0 1 1 0 1 1 0 1 0 1 1 1 1 1 0 1 1 1 1
9226 22 2200  1 1 0 1 1 1 1 1 0 1 1 1 1 0 0 0 1 1 1 1 0 0
9227 22 2419  1 1 1 0 1 1 0 1 1 1 1 1 1 0 1 1 1 1 0 0 1 1
9228 22 2520  1 1 1 1 1 1 1 1 1 1 0 1 1 1 1 0 1 1 1 1 1 0
9229 22 2115  1 1 1 1 1 1 0 1 1 1 0 1 1 0 0 1 0 0 1 1 1 0
9230 22 2633  1 0 1 0 1 1 1 1 1 1 0 1 1 0 0 1 1 1 1 1 0 1
9231 22 2260  1 1 1 1 1 0 1 1 0 1 0 1 1 0 1 0 0 1 1 1 0 1
9232 22 2318  1 0 1 1 1 1 1 1 1 1 1 1 0 1 0 1 0 0 1 1 1 1
9233 22 2369  1 1 0 0 1 1 1 1 1 1 1 0 1 0 0 1 1 1 1 1 1 1
9234 22 2626  1 0 1 1 1 0 0 1 0 1 1 1 1 0 1 1 1 1 1 1 0 1
9235 22 2827  1 0 1 1 1 1 0 1 1 1 1 1 1 1 0 1 0 0 1 1 0 1
9236 22 2358  1 0 1 1 0 1 0 1 1 1 1 1 0 1 1 1 1 0 1 0 1 1
9237 22 231  1 1 1 1 1 1 1 1 1 1 1 1 1 1 1 1 1 1 1 1 1 0
9238 22 2920  1 1 0 1 1 1 1 1 1 1 1 1 1 0 0 1 1 0 0 0 1 1
9239 22 2436  1 1 1 1 1 1 0 0 1 1 1 0 1 1 0 1 1 1 0 1 1 1
9240 22 2069  1 0 1 1 1 1 1 0 0 1 1 1 0 1 1 1 0 1 1 1 1 1
9241 22 2486  1 0 1 1 1 1 1 1 1 1 1 1 0 1 1 1 1 1 1 0 1 0
9242 22 2673  1 1 0 1 1 1 0 1 0 1 1 1 1 1 1 1 0 1 0 1 1 1
9243 22 2570  0 1 1 1 1 0 1 0 1 1 0 1 1 1 0 1 1 1 1 1 0 1
9244 22 2911  1 0 1 1 1 1 1 1 1 1 0 1 1 1 1 1 1 1 0 1 1 1
9245 22 2082  1 1 1 0 1 1 1 1 0 0 1 1 1 1 0 0 1 0 1 1 1 1
9246 22 2915  0 1 0 1 0 1 0 1 1 1 1 1 1 1 0 1 1 0 1 1 1 1
9247 22 2555  1 1 1 1 1 1 1 1 0 0 0 1 0 0 1 1 1 1 1 1 1 1
9248 22 2569  1 1 1 1 1 0 0 1 1 1 1 1 1 0 0 1 1 1 1 1 1 1
9249 22 2306  1 1 0 1 1 1 1 1 1 1 0 0 1 1 0 1 0 1 1 1 1 1
