9250 25 2411  1 1 1 1 1 1 1 1 0 0 0 1 1 1 0 1 0 1 0 1 1 1 1 1 0
9251 25 2823  1 0 1 1 1 1 1 0 1 1 1 0 1 1 1 0 1 0 1 1 1 1 1 1 1
9252 25 2538  1 1 0 1 1 1 1 0 1 0 1 1 1 1 0 1 1 1 1 1 0 1 1 0 1
9253 25 3370  1 1 1 1 1 1 1 1 1 1 1 0 1 1 1 1 1 1 0 0 1 1 1 1 0
9254 25 2884  1 1 1 1 1 1 1 0 0 1 1 1 1 1 1 0 0 1 1 1 0 1 0 1 1
9255 25 2595  1 1 1 1 1 1 1 1 1 1 1 0 1 1 1 1 0 0 0 1 0 1 1 1 1
9256 25 3029  1 1 1 1 0 1 1 1 1 1 1 1 1 1 0 1 1 0 1 1 1 1 1 0 1
9257 25 2707  0 1 0 1 1 1 1 1 1 1 0 0 1 1 1 1 1 0 1 1 1 0 0 1 1
9258 25 3287  1 1 1 1 1 1 0 1 0 1 0 1 1 1 1 1 1 0 1 1 1 0 1 1 1
9259 25 2569  1 1 0 1 0 1 1 1 1 0 1 1 1 1 1 1 0 1 1 1 1 1 1 1 1
9260 25 2758  1 1 1 1 1 1 1 0 1 0 1 1 1 1 1 0 1 1 1 1 0 1 0 0 1
9261 25 2878  1 1 1 1 1 1 1 1 0 1 0 1 1 1 1 1 1 0 1 1 0 1 1 0 1
9262 25 2597  0 1 0 1 1 1 1 0 0 1 1 1 1 0 1 0 1 1 1 0 1 1 1 1 1
9263 25 2564  1 0 1 1 1 1 1 1 1 1 1 1 1 1 0 0 1 1 1 0 0 0 1 0 1
9264 25 3074  1 1 1 1 1 1 1 1 1 0 1 1 1 1 1 0 1 1 0 1 1 1 1 0 0
9265 25 2666  0 1 1 0 1 1 1 1 1 1 0 1 0 1 1 1 0 1 1 1 1 1 0 0 1
9266 25 3011  1 1 1 1 1 1 0 1 1 1 0 1 1 0 1 1 0 1 0 1 1 1 1 1 1
9267 25 3295  1 1 0 0 1 1 1 1 1 0 1 0 1 1 1 1 0 1 1 1 1 1 0 1 1
9268 25 3033  1 1 0 1 1 1 1 1 1 1 1 1 1 0 1 1 0 1 1 0 1 0 1 1 1
9269 25 3030  1 1 1 0 1 1 1 1 0 1 0 1 0 1 1 1 1 1 1 1 0 1 1 1 0
9270 25 3253  0 1 1 1 1 1 1 1 0 1 1 1 1 1 1 1 0 1 1 1 0 0 0 1 1
9271 25 2739  1 1 1 1 1 0 1 1 0 1 1 1 1 1 1 0 0 1 1 1 1 0 1 0 1
9272 25 2680  1 1 1 1 1 1 1 1 0 0 1 1 1 1 0 1 1 1 1 1 0 1 1 1 0
9273 25 2934  0 1 1 1 0 1 1 1 1 1 1 1 0 1 1 0 0 0 1 0 1 1 1 1 1
9274 25 3239  1 1 1 1 1 1 1 1 1 1 0 1 1 1 1 1 1 0 1 0 1 0 0 1 1
9275 25 3283  1 0 1 1 1 1 1 1 1 1 0 1 1 1 1 1 0 1 1 1 1 1 1 0 1
9276 25 2861  1 1 1 1 1 1 1 1 1 1 1 1 1 0 1 1 1 1 0 0 1 0 0 0 1
9277 25 3543  1 0 1 1 1 1 0 1 1 0 1 0 1 1 0 1 1 1 1 1 1 1 1 1 1
9278 25 3425  1 1 1 1 1 1 1 1 1 1 1 1 1 1 1 1 0 1 1 1 0 0 0 0 1
9279 25 2733  1 1 1 0 1 1 1 0 1 1 0 0 0 1 1 0 1 1 1 1 1 1 1 0 1
9280 25 2655  1 1 1 1 1 0 1 1 1 1 0 1 0 1 0 1 0 1 1 0 0 1 1 0 1
9281 25 3058  1 1 1 1 1 1 1 1 0 1 0 1 1 1 1 1 0 1 1 1 0 1 1 1 1
9282 25 2694  1 1 1 1 1 1 1 0 1 1 0 1 1 1 1 1 1 0 1 0 1 0 1 1 1
9283 25 288  1 1 1 1 1 1 1 1 1 1 1 1 1 1 1 1 1 1 1 1 1 1 1 1 0
9284 25 2915  1 1 0 1 1 1 1 1 1 1 0 1 1 0 1 1 1 0 1 0 1 1 0 1 1
9285 25 3061  1 1 1 1 1 1 1 1 0 1 1 0 0 1 1 1 1 1 1 1 1 0 1 1 1
9286 25 3024  1 1 1 1 1 0 0 1 0 1 1 1 1 1 0 1 1 1 0 1 1 0 1 1 1
9287 25 3088  1 1 0 0 1 1 1 1 0 0 1 1 1 1 1 1 1 1 1 1 1 0 1 1 1
9288 25 2949  1 1 1 0 1 1 1 0 1 1 1 1 1 1 1 1 1 1 1 1 0 0 0 1 1
9289 25 2543  1 0 1 0 1 1 1 1 0 1 0 1 0 1 1 1 1 1 0 1 0 0 1 1 1
9290 25 2788  1 1 1 1 0 1 1 1 1 0 1 1 1 1 1 1 1 1 0 0 1 1 0 1 0
9291 25 3034  1 1 1 1 1 1 0 0 1 1 1 0 1 1 1 1 1 1 1 1 1 1 1 1 1
9292 25 2956  1 1 1 1 1 0 1 1 1 1 1 1 1 1 1 1 0 1 1 1 0 1 1 0 0
9293 25 3164  1 1 1 1 1 1 0 0 1 1 0 0 1 1 0 1 1 1 1 1 1 1 1 1 1
9294 25 2746  1 1 1 1 1 1 1 1 1 1 1 0 1 0 1 1 1 0 1 1 0 1 0 0 1
9295 25 3170  1 1 1 1 1 1 1 1 1 0 1 1 0 1 1 1 1 0 1 1 1 0 1 0 1
9296 25 3297  1 0 1 1 0 1 1 1 1 1 1 1 1 0 0 0 1 1 1 1 1 1 1 1 1
9297 25 3082  1 1 1 1 1 1 1 1 1 1 1 1 1 1 1 0 1 1 1 1 0 0 0 1 1
9298 25 3011  1 0 1 1 1 1 1 1 1 0 0 1 1 1 1 1 1 1 1 0 1 1 1 1 0
9299 25 2901  1 1 1 0 1 1 1 1 1 1 1 1 1 1 0 1 0 1 1 1 1 0 0 0 1
