c generated using generator by M.Motoki 
c solution added by T.Susanka 
s 663 000101010111111
p cnf 15 50
w 5 28 90 93 47 90 29 58 97 54 68 79 56 90 75
11 -13 5 0
-14 15 -3 0
-14 -7 -1 0
14 -15 7 0
-1 -15 9 0
-6 -4 10 0
-8 -14 11 0
-1 12 -9 0
1 10 3 0
-2 -13 11 0
-10 9 -5 0
11 2 -14 0
-14 3 8 0
4 9 -13 0
-14 6 -11 0
7 -14 -5 0
-8 5 12 0
2 12 -4 0
-11 -13 6 0
8 -10 4 0
2 5 15 0
10 4 -7 0
-11 -7 4 0
6 8 -5 0
3 -9 -6 0
-13 -7 -8 0
12 -4 -6 0
4 9 -13 0
-9 6 7 0
-14 1 -2 0
10 5 -15 0
-11 10 9 0
13 6 -3 0
3 -7 -2 0
-14 -3 9 0
3 -9 -12 0
11 14 6 0
13 7 9 0
-11 -14 -7 0
-13 -4 -5 0
5 3 6 0
-4 -13 15 0
9 -6 4 0
11 -3 -15 0
-2 -13 -9 0
-15 4 -9 0
15 2 7 0
6 -13 -7 0
-4 5 -3 0
-5 -4 14 0
