c generated using generator by M.Motoki 
c solution added by T.Susanka 
s 389 111100010101100
p cnf 15 50
w 63 71 68 19 49 15 57 9 27 71 27 84 4 17 63
15 10 14 0
-13 2 12 0
-6 -4 -13 0
8 -14 -11 0
-7 -10 2 0
-4 -15 -5 0
12 4 -10 0
10 -7 -13 0
-7 -12 -13 0
8 -6 9 0
1 12 15 0
-5 15 -6 0
-14 -3 4 0
6 -5 15 0
-4 2 1 0
-1 -7 8 0
-9 -1 2 0
5 3 4 0
13 -1 -11 0
-2 4 11 0
-6 8 -10 0
9 15 12 0
-11 14 -2 0
-4 -14 -10 0
4 -12 11 0
-13 -11 -7 0
7 -11 5 0
7 -3 4 0
-2 13 -8 0
-9 -2 7 0
-2 -15 5 0
-9 -15 -5 0
3 -10 13 0
-8 -5 -6 0
-4 -6 13 0
10 4 9 0
13 -3 6 0
3 7 -8 0
-9 1 2 0
10 13 5 0
3 5 -15 0
9 12 -2 0
-4 2 -15 0
-5 -7 15 0
-1 -2 -5 0
-13 15 4 0
-9 -13 -3 0
-14 -2 -3 0
-14 -8 -11 0
-10 -9 -3 0
