c generated using generator by M.Motoki 
c solution added by T.Susanka 
s 495 110101001111011
p cnf 15 50
w 92 54 37 71 3 42 54 88 18 24 14 37 49 96 47
12 -11 -7 0
-14 6 -13 0
10 -2 7 0
8 -11 9 0
-6 12 -8 0
-1 -5 7 0
-3 -14 13 0
9 -3 2 0
5 -9 -7 0
-2 14 10 0
-5 -4 -13 0
13 15 12 0
3 4 -2 0
9 2 -10 0
-1 -3 13 0
-8 7 13 0
14 -10 -1 0
7 4 3 0
-13 4 1 0
15 8 9 0
9 2 4 0
-10 -8 3 0
-5 10 2 0
14 -4 -8 0
-4 -15 -7 0
15 -3 -10 0
-4 -13 -1 0
-4 6 -12 0
14 -6 -8 0
-12 9 -13 0
1 8 -5 0
7 9 12 0
-5 12 -7 0
-1 4 -5 0
15 1 -3 0
1 13 8 0
-3 -15 -9 0
-15 -10 12 0
-7 -6 13 0
-15 12 1 0
-7 -2 -8 0
7 12 9 0
14 -9 -12 0
6 -2 9 0
-4 2 -13 0
-10 12 -3 0
-10 -9 14 0
4 3 7 0
3 8 15 0
12 -8 -10 0
