c generated using generator by M.Motoki 
c solution added by T.Susanka 
s 604 111111110101101
p cnf 15 50
w 22 58 16 90 75 81 39 73 53 55 98 6 77 83 12
-7 -3 5 0
5 8 12 0
15 -4 1 0
-10 13 -6 0
-14 9 -6 0
13 -14 6 0
-3 14 8 0
-14 -15 3 0
-10 -9 -6 0
-14 -2 3 0
11 10 3 0
-13 -11 4 0
-3 12 15 0
-12 -3 1 0
7 11 -9 0
14 -11 9 0
14 -10 -11 0
7 10 -5 0
9 4 3 0
9 1 -10 0
-12 6 9 0
3 -8 4 0
2 -15 14 0
-2 11 -9 0
3 12 15 0
-1 15 11 0
-11 8 15 0
10 -5 15 0
12 -10 8 0
-8 -5 -14 0
7 -6 -2 0
15 14 6 0
2 14 -5 0
10 -15 -5 0
14 -2 -11 0
3 5 12 0
-12 -11 -9 0
-5 3 1 0
-15 -2 1 0
-13 4 7 0
11 13 -14 0
6 -1 -8 0
-13 5 -3 0
15 12 9 0
-10 -9 -3 0
-5 4 8 0
-6 10 11 0
-10 12 4 0
-15 6 2 0
-9 -2 -12 0
