c generated using generator by M.Motoki 
c solution added by T.Susanka 
s 412 101110110110100
p cnf 15 50
w 50 54 79 74 23 59 37 46 57 41 7 45 55 82 39
-7 1 -15 0
13 10 -5 0
-14 8 3 0
-1 3 8 0
11 10 7 0
-7 4 -2 0
-12 13 -1 0
-4 7 8 0
-3 -1 13 0
11 2 12 0
-15 2 11 0
14 10 13 0
3 -15 -6 0
8 -7 14 0
-14 -13 -1 0
12 -6 -3 0
6 -5 3 0
-2 -9 -15 0
7 6 -1 0
12 5 8 0
-3 -8 -2 0
-14 3 -4 0
-1 5 -4 0
1 4 -14 0
-13 12 7 0
-12 2 14 0
-3 -12 -13 0
-8 -1 5 0
-15 -11 -3 0
-14 -5 -2 0
10 4 1 0
14 4 -2 0
-10 -3 1 0
-15 1 -8 0
-5 -12 -8 0
13 14 5 0
-6 -7 -12 0
-10 13 -2 0
2 -15 10 0
13 15 -8 0
-14 12 6 0
3 5 -4 0
-7 -10 4 0
-9 15 12 0
13 -7 6 0
4 -1 14 0
-15 -5 7 0
14 -4 7 0
12 -2 -10 0
6 -5 11 0
