c generated using generator by M.Motoki 
c solution added by T.Susanka 
s 512 111111100111010
p cnf 15 50
w 89 0 72 57 36 24 66 59 0 27 57 46 46 38 62
-14 -15 -10 0
-2 12 -3 0
14 7 6 0
15 -3 -9 0
2 6 -9 0
-9 -11 14 0
3 9 -10 0
10 14 -15 0
-11 -15 4 0
-5 15 12 0
-12 -3 -8 0
-12 13 1 0
7 11 9 0
4 11 15 0
5 -8 -12 0
-11 -6 10 0
7 -14 5 0
-7 -13 -6 0
7 11 10 0
-14 4 -2 0
10 13 14 0
10 9 -2 0
-12 1 -9 0
-12 -5 14 0
1 10 -5 0
9 1 4 0
-13 6 -10 0
-14 -9 -3 0
-11 9 -8 0
14 1 4 0
-2 5 -10 0
14 11 -4 0
-9 -3 -4 0
13 14 11 0
2 -13 3 0
-3 8 2 0
15 4 1 0
12 -3 13 0
-12 -9 6 0
-9 -5 1 0
13 -7 2 0
12 5 15 0
-1 -15 -14 0
-5 11 7 0
2 8 1 0
-8 7 6 0
-6 2 9 0
8 -13 -6 0
-14 3 11 0
-8 -2 15 0
