c generated using generator by M.Motoki 
c solution added by T.Susanka 
s 295 101101001101011
p cnf 15 50
w 29 81 26 64 14 20 10 7 55 20 51 19 99 49 13
-8 2 -14 0
-15 -8 -6 0
-5 11 -10 0
-1 9 5 0
-7 -1 8 0
3 13 11 0
6 -10 4 0
2 4 13 0
-6 -14 -13 0
5 10 -7 0
-7 -10 -8 0
7 9 -3 0
-1 -11 8 0
-9 14 -4 0
-10 -14 15 0
-1 -5 -13 0
4 1 6 0
-15 -8 7 0
3 13 11 0
-4 -12 1 0
13 -8 9 0
14 -4 11 0
-13 -4 9 0
-9 -13 -12 0
14 -10 12 0
-14 -2 -8 0
-1 -2 -15 0
11 6 3 0
-2 7 -6 0
10 -12 7 0
5 -9 1 0
13 2 15 0
7 14 2 0
2 -11 -12 0
10 -14 -11 0
10 -6 12 0
15 -12 2 0
8 -2 5 0
9 14 13 0
11 10 -3 0
-4 -6 -13 0
-7 -9 -14 0
7 -11 9 0
-14 5 12 0
-12 6 5 0
-15 -11 -10 0
4 12 -14 0
-6 14 13 0
9 -12 14 0
-9 -8 10 0
