c generated using generator by M.Motoki 
c solution added by T.Susanka 
s 678 010111111111010
p cnf 15 50
w 16 29 89 90 91 69 71 80 55 9 53 40 86 91 19
-1 -10 -6 0
9 -14 -7 0
4 -5 12 0
-5 -2 -1 0
-2 10 14 0
4 -7 1 0
3 15 4 0
6 7 -10 0
10 11 13 0
-15 3 -14 0
-3 9 -6 0
-10 2 -8 0
-2 11 -7 0
-10 6 -12 0
-4 5 -14 0
-4 11 9 0
6 -11 -14 0
11 15 3 0
-11 -2 -3 0
-4 -1 3 0
11 -9 -5 0
11 -5 -3 0
7 4 -1 0
-4 8 5 0
-10 -1 -11 0
-9 -14 -13 0
-3 2 14 0
4 5 -7 0
-8 14 -4 0
14 -13 -2 0
4 15 7 0
10 14 6 0
-14 11 -10 0
-11 8 -12 0
11 12 -5 0
5 3 -15 0
3 8 12 0
-5 -9 10 0
7 12 -5 0
5 4 -3 0
-13 4 8 0
10 15 -11 0
10 -11 -13 0
1 -12 10 0
2 -10 -3 0
8 14 15 0
8 -15 10 0
2 7 -3 0
-14 5 -4 0
1 14 7 0
