c generated using generator by M.Motoki 
c solution added by T.Susanka 
s 222 111111000110100
p cnf 15 50
w 19 44 8 49 1 6 17 31 1 46 4 4 45 49 61
-10 -15 -1 0
-4 6 12 0
5 -4 -14 0
15 -7 -6 0
-11 -13 -8 0
2 -10 -14 0
-6 -15 -9 0
-6 -10 5 0
11 14 -2 0
6 -2 -15 0
-8 -2 5 0
-9 -13 -12 0
4 -9 10 0
-6 -5 -14 0
-14 10 -3 0
-4 -12 -10 0
5 -1 15 0
-12 3 -14 0
-3 2 7 0
14 -1 11 0
5 -11 -3 0
-5 9 -14 0
-7 11 -12 0
14 -13 -15 0
-2 -14 -13 0
-15 -11 -5 0
3 8 -10 0
-9 15 -4 0
12 4 -14 0
-9 6 4 0
-6 -15 4 0
-3 -7 -8 0
12 4 -15 0
3 15 7 0
-12 4 7 0
7 3 5 0
4 8 -5 0
-12 9 15 0
-1 12 -14 0
-6 -10 1 0
10 14 -12 0
-2 -15 -12 0
-10 -4 -15 0
14 -3 -9 0
3 10 1 0
5 15 4 0
2 7 13 0
-2 6 -10 0
-6 1 4 0
-9 -4 2 0
