c generated using generator by M.Motoki 
c solution added by T.Susanka 
s 416 000110110101111
p cnf 15 50
w 32 34 52 29 80 16 64 14 53 17 2 90 3 37 82
-14 8 -5 0
6 -11 10 0
13 1 15 0
-12 -1 -5 0
7 3 5 0
-2 -6 4 0
7 -8 11 0
-12 -13 14 0
12 -4 -15 0
-9 8 -11 0
-10 1 8 0
15 11 14 0
-9 -15 6 0
-6 9 -3 0
4 13 3 0
-12 15 -8 0
3 -13 14 0
8 -4 12 0
-12 -3 -4 0
-3 -7 10 0
-14 13 -5 0
12 5 3 0
-1 11 -6 0
-8 -15 -2 0
-1 -13 -10 0
5 13 -6 0
10 -7 -11 0
-12 -9 -5 0
4 1 -12 0
-11 -2 -10 0
13 12 8 0
4 -3 2 0
9 15 13 0
-6 8 -3 0
14 3 7 0
13 12 -2 0
1 9 -6 0
14 3 12 0
-10 1 15 0
5 9 -10 0
-8 7 -6 0
6 15 14 0
-6 -5 -7 0
-5 10 -1 0
-1 15 -5 0
-13 7 -9 0
3 -15 10 0
-11 9 -4 0
-1 15 2 0
-10 -11 5 0
