c generated using generator by M.Motoki 
c solution added by T.Susanka 
s 560 011101101111101
p cnf 15 50
w 52 59 72 61 87 47 10 71 72 51 40 37 75 19 36
-7 8 -5 0
13 -15 9 0
-2 6 7 0
-5 -3 -6 0
1 10 5 0
15 11 7 0
-13 15 -7 0
-4 12 6 0
8 -1 -7 0
-6 -1 -9 0
10 4 15 0
-14 -7 9 0
-13 3 10 0
-5 13 -10 0
-6 -1 -4 0
-12 13 -9 0
11 13 9 0
6 2 14 0
14 12 -2 0
-8 -14 15 0
2 -5 12 0
-3 8 2 0
-5 -7 -11 0
8 -14 12 0
7 9 -2 0
-6 -14 -15 0
-2 15 8 0
-5 -1 10 0
2 -8 -12 0
5 15 13 0
-8 9 15 0
11 10 9 0
-8 -11 13 0
15 -3 1 0
-1 3 -14 0
3 -7 -5 0
5 6 -11 0
-8 -4 -5 0
-5 -4 -15 0
13 4 10 0
7 8 14 0
-2 -8 -10 0
-3 -4 -14 0
8 10 -2 0
11 -14 10 0
-14 -10 2 0
1 11 -8 0
-4 13 6 0
11 -1 5 0
-2 13 -10 0
