c generated using generator by M.Motoki 
c solution added by T.Susanka 
s 711 111111101111011
p cnf 15 50
w 90 90 71 13 79 45 64 72 54 30 53 15 68 30 77
2 -13 3 0
-8 -15 5 0
4 5 8 0
2 14 -12 0
2 5 -7 0
-14 1 -8 0
3 5 -14 0
1 13 -12 0
1 -13 -10 0
9 14 -6 0
13 3 -15 0
-13 1 -12 0
15 -6 9 0
-14 -6 7 0
15 8 -2 0
-9 14 6 0
15 1 -5 0
-2 11 14 0
7 5 -10 0
-13 -5 -9 0
13 -4 5 0
-14 -12 6 0
-13 -5 9 0
5 -7 10 0
-13 -7 11 0
-8 -3 -9 0
1 -14 12 0
3 -13 2 0
2 -3 14 0
2 6 -1 0
-8 -9 5 0
9 13 -1 0
7 -12 13 0
7 -12 13 0
11 -5 -13 0
-9 6 4 0
-2 5 9 0
-11 8 3 0
-3 10 -6 0
-7 2 12 0
-1 9 8 0
2 -12 11 0
-14 12 -7 0
-13 14 9 0
-3 12 -8 0
-10 15 -8 0
-15 9 5 0
-10 4 -6 0
-15 -4 11 0
11 1 9 0
