c generated using generator by M.Motoki 
c solution added by T.Susanka 
s 572 010111111111101
p cnf 15 50
w 74 49 50 99 71 23 34 2 42 10 34 97 19 0 92
7 -14 -6 0
-9 10 -8 0
14 -10 -3 0
-5 13 3 0
-13 15 5 0
12 -10 4 0
15 13 8 0
13 3 -12 0
-5 -1 -3 0
3 -2 -14 0
-5 -7 9 0
-1 2 12 0
-10 -9 15 0
-4 -8 5 0
-4 12 15 0
5 8 6 0
11 -6 7 0
6 -4 -11 0
-2 14 7 0
8 -7 -5 0
12 10 -2 0
11 7 12 0
2 -5 11 0
14 -15 -3 0
10 1 -12 0
1 8 -2 0
14 -11 2 0
-9 13 -1 0
-14 -6 -15 0
5 -12 -15 0
-4 7 -8 0
-13 -1 -8 0
-4 12 11 0
10 4 -11 0
-7 9 -11 0
13 15 -14 0
6 -8 13 0
13 2 -3 0
-10 -5 12 0
-6 -8 -14 0
-15 -2 5 0
4 -1 -13 0
13 -4 -1 0
-15 9 3 0
-4 -11 15 0
-13 6 -3 0
3 -11 9 0
7 11 9 0
-5 15 -4 0
-3 5 12 0
