c generated using generator by M.Motoki 
c solution added by T.Susanka 
s 735 101011111110111
p cnf 15 50
w 96 13 17 49 71 49 81 42 82 37 64 51 82 33 81
3 -10 -9 0
7 -4 5 0
-6 11 15 0
-13 14 4 0
-15 6 -7 0
10 2 7 0
-15 5 -1 0
-7 -4 -3 0
-12 -6 13 0
11 4 -13 0
-3 7 9 0
-5 9 12 0
2 -1 -12 0
14 -1 7 0
-8 -2 -1 0
13 12 -3 0
9 7 -15 0
-3 8 2 0
-2 -9 -4 0
1 3 -14 0
-12 -11 -1 0
9 -3 -15 0
-13 -2 -15 0
-5 6 4 0
-1 13 -14 0
1 13 -14 0
-12 1 6 0
5 4 1 0
2 5 -4 0
8 15 -3 0
-3 6 -4 0
11 -14 -7 0
12 6 11 0
5 -1 3 0
-1 13 -7 0
-12 13 -7 0
8 13 9 0
-1 5 3 0
-1 -11 10 0
-1 -6 9 0
7 -10 -4 0
-11 3 7 0
7 13 -11 0
-12 -10 -11 0
-2 -5 7 0
7 -6 -13 0
1 -6 -2 0
-4 -10 15 0
5 14 2 0
-7 -4 -14 0
