c generated using generator by M.Motoki 
c solution added by T.Susanka 
s 778 111011101110111
p cnf 15 50
w 75 93 98 72 40 45 67 90 55 60 85 9 44 29 87
-8 12 -14 0
-5 14 -10 0
-3 9 -6 0
13 -9 -5 0
-3 11 -14 0
-14 -12 -11 0
8 6 -7 0
1 14 -12 0
3 -6 12 0
9 12 -14 0
10 -11 -15 0
6 -10 12 0
14 -7 -12 0
15 -10 -8 0
4 -15 3 0
-13 4 10 0
5 -4 -9 0
-8 -14 -11 0
-9 -1 -12 0
1 -3 -4 0
12 15 -1 0
1 15 -7 0
-10 1 -5 0
8 12 1 0
3 -6 -4 0
-6 5 -15 0
-5 -15 2 0
9 2 -12 0
11 13 -15 0
13 -12 -9 0
6 -12 -14 0
13 2 14 0
-15 7 8 0
8 -12 -9 0
-15 9 6 0
15 13 6 0
10 -9 -6 0
-7 11 14 0
-7 -8 -9 0
-7 4 10 0
7 -4 -1 0
-2 11 -7 0
6 -10 -13 0
-10 -4 -3 0
12 4 13 0
14 11 -12 0
3 -4 -9 0
4 12 7 0
-12 3 -2 0
13 9 -12 0
