c generated using generator by M.Motoki 
c solution added by T.Susanka 
s 305 101011001110011
p cnf 15 50
w 63 89 37 82 1 4 32 0 15 27 42 91 90 53 63
-1 3 -2 0
7 -1 3 0
-7 13 5 0
-14 -2 8 0
-14 -5 1 0
-3 -13 -14 0
-8 7 -3 0
-8 13 -10 0
-7 15 -9 0
-14 -3 6 0
-10 15 14 0
-4 -15 -3 0
3 -4 -8 0
-6 3 -5 0
-13 2 -3 0
10 -1 -6 0
-2 14 -7 0
8 4 6 0
7 8 14 0
12 10 -15 0
15 7 -6 0
-7 3 15 0
10 -7 11 0
-10 5 9 0
-3 -15 -8 0
7 -2 -9 0
-7 -12 -15 0
2 -14 5 0
-7 13 -1 0
-15 -5 9 0
-12 -14 -13 0
-4 7 -6 0
-15 6 -2 0
-6 -2 8 0
6 12 -9 0
-7 -1 -6 0
10 -6 -15 0
8 -12 -14 0
-14 -12 1 0
-1 15 -6 0
11 -3 -1 0
9 -1 5 0
-13 15 2 0
10 -2 9 0
1 -15 2 0
2 14 -5 0
5 1 -8 0
1 -5 4 0
-6 -12 -5 0
4 -9 -13 0
