c generated using generator by M.Motoki 
c solution added by T.Susanka 
s 661 111111111110010
p cnf 15 50
w 64 39 59 78 91 95 11 11 25 4 96 64 24 88 22
10 4 -7 0
11 9 -15 0
-13 -8 6 0
9 -2 -12 0
14 7 -12 0
-8 10 -1 0
-2 14 6 0
15 6 -3 0
3 6 -2 0
14 -11 1 0
11 -6 4 0
15 3 -13 0
14 6 10 0
-9 1 -5 0
8 -2 4 0
12 -5 8 0
10 1 4 0
-3 -10 -13 0
15 -2 10 0
4 11 -6 0
-9 11 6 0
-6 2 -15 0
-12 -9 -7 0
-5 10 -6 0
-1 -15 -14 0
-9 -7 -13 0
-7 6 -10 0
11 -4 -12 0
4 10 8 0
14 -2 9 0
5 13 -8 0
1 -10 12 0
3 14 1 0
11 -2 -4 0
-13 7 -1 0
-12 13 -10 0
-12 5 1 0
-2 13 1 0
-15 7 10 0
-3 6 7 0
14 -8 15 0
12 4 5 0
-6 4 -5 0
7 14 -15 0
-15 3 -5 0
-4 10 -6 0
7 12 -8 0
-14 1 13 0
8 9 -10 0
-2 -11 5 0
