c generated using generator by M.Motoki 
c solution added by T.Susanka 
s 574 111000111111111
p cnf 15 50
w 32 63 80 3 8 43 97 1 6 33 68 6 84 16 88
13 -9 6 0
-4 -13 6 0
-15 -4 9 0
6 4 15 0
-15 6 7 0
7 -2 -4 0
13 -14 6 0
-2 -6 -10 0
2 -7 -1 0
12 -3 4 0
-10 1 5 0
-4 -3 5 0
-14 2 -10 0
5 9 -4 0
-13 10 -12 0
2 -14 8 0
11 4 -14 0
15 4 -13 0
-14 13 15 0
-8 5 -4 0
13 12 -11 0
10 12 -1 0
-14 13 8 0
3 -1 6 0
11 -1 -3 0
1 -12 -7 0
14 -12 -3 0
-4 -13 11 0
-10 14 -13 0
12 -8 1 0
1 12 10 0
1 -13 5 0
-5 3 -12 0
3 1 -13 0
2 12 -8 0
8 -2 -10 0
10 2 -14 0
-12 -14 3 0
-6 5 9 0
14 13 -15 0
9 -2 -10 0
4 -12 2 0
7 8 -9 0
10 -9 -13 0
14 4 -13 0
-1 -7 15 0
15 -11 -12 0
-6 3 -15 0
-9 -5 -10 0
7 11 -8 0
