c generated using generator by M.Motoki 
c solution added by T.Susanka 
s 655 111111110001111
p cnf 15 50
w 21 66 12 68 30 63 51 95 71 53 56 91 57 13 88
6 -7 -13 0
-13 14 1 0
1 -14 12 0
6 7 8 0
9 -10 -1 0
8 -2 -3 0
-10 13 5 0
-8 4 5 0
-12 -5 -11 0
-11 -10 -12 0
-14 -6 4 0
-14 -10 -11 0
13 5 -15 0
14 -10 -8 0
-3 7 13 0
14 5 -4 0
-3 -6 12 0
3 6 13 0
13 4 2 0
-4 -8 3 0
-6 -2 15 0
11 14 -13 0
-15 5 -13 0
13 -8 14 0
8 -11 1 0
7 1 -2 0
5 12 2 0
-11 -3 -15 0
6 -15 3 0
4 3 -7 0
2 -13 -9 0
15 -13 -2 0
-1 3 -13 0
-14 1 4 0
11 -13 15 0
-3 -9 15 0
-1 14 -7 0
13 5 3 0
8 11 13 0
-15 -1 2 0
14 6 -12 0
-5 -14 6 0
-13 -6 5 0
-4 9 12 0
-9 -12 -6 0
9 3 -8 0
13 -5 3 0
-5 -13 2 0
-10 -15 -11 0
-10 -13 1 0
