c generated using generator by M.Motoki 
c solution added by T.Susanka 
s 505 010111111110010
p cnf 15 50
w 14 16 2 41 51 99 46 20 29 66 57 50 77 80 16
7 13 -11 0
-15 6 -2 0
8 7 11 0
10 12 -9 0
-11 -12 15 0
-15 10 11 0
-15 -2 -13 0
10 8 -4 0
2 12 -3 0
-14 9 10 0
-7 2 -8 0
15 9 14 0
-2 3 -1 0
-7 1 -15 0
-14 5 9 0
7 9 6 0
6 11 7 0
7 -6 1 0
-1 -6 15 0
12 8 -15 0
6 15 -2 0
-12 3 14 0
-10 -3 12 0
-15 -11 14 0
-7 -9 -3 0
-6 -13 2 0
-12 -14 9 0
6 9 1 0
-6 -12 -2 0
-11 -12 2 0
-10 -6 5 0
-8 4 -1 0
-15 1 14 0
13 9 -3 0
3 8 -15 0
1 -13 -4 0
-15 -6 -13 0
-13 -2 10 0
-5 8 -15 0
4 8 9 0
1 -3 7 0
15 -3 -7 0
14 4 11 0
3 -13 12 0
11 6 -14 0
8 -11 -12 0
-14 1 10 0
-3 -12 -5 0
3 9 -2 0
3 -4 14 0
