c generated using generator by M.Motoki 
c solution added by T.Susanka 
s 554 001111110110110
p cnf 15 50
w 45 73 29 67 31 72 47 45 66 85 28 5 63 87 15
-4 2 -9 0
4 -11 8 0
-9 4 13 0
-11 -1 -9 0
-2 -14 -13 0
-3 10 5 0
-8 -15 -6 0
-12 5 13 0
14 2 -7 0
11 8 1 0
15 7 -12 0
-10 15 8 0
-12 15 -7 0
-6 10 12 0
-9 -13 -6 0
-2 -7 -4 0
5 -10 1 0
10 1 -8 0
-6 -3 13 0
3 -15 11 0
-1 -6 12 0
13 -7 -3 0
-12 15 7 0
2 14 -6 0
13 15 2 0
7 -14 -3 0
-5 7 9 0
7 15 -5 0
6 -11 -9 0
-7 -1 5 0
5 6 -15 0
14 -9 -10 0
-8 7 -6 0
-10 -13 7 0
14 6 8 0
-15 5 9 0
-15 -1 -4 0
9 4 3 0
13 -3 -15 0
-1 -5 9 0
5 2 8 0
12 -6 11 0
-9 -12 1 0
13 12 10 0
-12 -2 -10 0
-4 -1 8 0
3 9 -5 0
2 8 9 0
2 8 -11 0
-12 7 8 0
