c generated using generator by M.Motoki 
c solution added by T.Susanka 
s 620 100111101101111
p cnf 15 50
w 66 61 25 70 78 10 5 12 23 80 26 46 53 99 90
10 -1 5 0
-4 -6 5 0
-5 10 15 0
-10 1 -4 0
-1 5 12 0
-11 2 -15 0
2 -8 9 0
-6 1 -5 0
-14 12 1 0
-1 11 7 0
-8 -2 -3 0
1 -15 3 0
10 -4 -3 0
6 12 5 0
3 4 -12 0
10 -15 8 0
10 -3 15 0
6 9 -13 0
13 -6 10 0
-11 13 7 0
15 -1 10 0
-5 -9 -2 0
-12 4 -6 0
8 7 15 0
-5 12 -11 0
4 10 -11 0
-10 -2 -14 0
12 -14 11 0
-6 -1 -11 0
12 9 -10 0
-1 -8 -7 0
4 -7 -1 0
3 15 -8 0
-12 14 1 0
-14 1 4 0
-15 6 7 0
9 11 -5 0
4 -1 -7 0
15 -2 9 0
7 -5 4 0
6 4 8 0
-9 6 2 0
-6 -4 15 0
-14 -13 1 0
15 5 6 0
-1 7 -3 0
-10 -13 -11 0
-13 -4 -3 0
-9 4 8 0
-14 -6 9 0
