c generated using generator by M.Motoki 
c solution added by T.Susanka 
s 514 010110111111111
p cnf 15 50
w 17 13 84 21 93 96 12 8 65 22 73 65 75 12 55
-12 -10 13 0
4 12 -8 0
-5 8 -2 0
-4 -1 14 0
-8 11 -7 0
-9 15 11 0
2 12 13 0
14 -12 -13 0
-7 10 -3 0
-1 -10 -15 0
-6 3 -15 0
-15 -2 8 0
-2 12 -6 0
6 -11 7 0
10 9 -5 0
12 -6 3 0
14 3 2 0
-7 11 5 0
14 15 8 0
-1 10 -11 0
-3 11 5 0
3 6 9 0
9 -1 4 0
-14 2 9 0
-9 7 -3 0
11 4 -15 0
-5 -15 2 0
6 -1 14 0
-9 10 -15 0
-7 -10 -3 0
-7 -8 -3 0
-10 -11 5 0
-4 13 2 0
1 11 2 0
-14 5 -7 0
-9 12 -13 0
7 13 4 0
12 -5 11 0
-14 -12 10 0
15 -11 -5 0
14 1 5 0
2 5 14 0
-5 -2 7 0
4 -8 -12 0
-10 8 -2 0
15 11 2 0
-3 13 -5 0
-9 13 -12 0
-6 -10 -9 0
-2 3 4 0
